149.893	9.56776
151.723	10.5307
153.551	10.8641
155.38	12.4196
157.207	12.4196
159.035	12.827
160.862	14.2715
162.69	14.1974
164.515	13.9752
166.342	13.8641
168.167	13.79
169.993	13.0863
171.817	14.0492
173.643	13.3085
175.466	13.2715
177.289	13.3826
179.114	14.1974
180.936	14.1604
182.76	13.9381
184.582	14.1604
186.405	13.4196
188.226	14.0122
190.046	14.5307
191.868	13.6048
193.688	13.9381
195.51	13.4937
197.329	14.5678
199.147	14.4937
200.968	14.0122
202.786	15.5678
204.603	14.6789
206.423	14.7159
208.239	15.3085
210.056	14.3455
211.874	14.9752
213.69	15.1604
215.505	15.3826
217.323	15.5678
219.137	15.6789
220.952	15.3826
222.768	14.827
224.582	14.3455
226.395	15.6048
228.208	15.0863
230.023	15.0863
231.835	15.6789
233.647	15.0122
235.458	15.3085
237.272	15.7159
239.083	14.5307
240.893	15.3826
242.703	15.1974
244.515	15.79
246.324	14.6048
248.134	15.5307
249.942	15.4566
251.751	14.79
253.561	14.2715
255.368	14.6048
257.176	15.1974
258.983	14.9381
260.789	14.7529
262.596	15.0863
264.401	15.0122
266.209	16.0122
268.014	15.0863
269.819	14.79
271.624	14.0122
273.428	15.0863
275.232	14.9752
277.035	14.9752
278.838	14.9011
280.641	15.5678
282.445	14.8641
284.247	14.5678
286.049	14.79
287.85	15.4937
289.651	15.2344
291.452	15.3085
293.252	15.0492
295.052	15.4937
296.852	14.9381
298.651	15.1233
300.45	15.0122
302.249	15.0122
304.047	15.0122
305.845	15.0122
307.642	15.6789
309.439	15.5307
311.236	15.9381
313.032	15.0122
314.829	14.6789
316.624	15.4196
318.42	15.3455
320.215	14.9011
322.009	15.6418
323.804	16.1604
325.596	15.0863
327.389	16.1233
329.183	15.6789
330.976	14.9752
332.768	15.4566
334.56	16.4196
336.352	15.6048
338.144	15.4196
339.935	15.4196
341.726	15.5678
343.514	15.3826
345.305	15.827
347.094	15.3826
348.884	15.0122
350.673	14.4937
352.462	16.2344
354.248	14.3826
356.036	14.8641
357.824	15.1604
359.611	15.827
361.398	15.4196
363.183	15.3826
364.969	15.1974
366.755	15.9381
368.541	15.4196
370.324	15.3826
372.109	14.1974
373.894	15.2715
375.678	15.9752
377.46	14.1604
379.244	15.0863
381.027	15.0492
382.81	15.7529
384.59	15.1604
386.372	15.3085
388.154	14.0122
389.934	15.6789
391.715	14.9011
393.496	14.6048
395.274	16.0492
397.054	14.9011
398.834	15.4566
400.612	14.4566
402.391	14.79
404.169	14.0863
405.946	13.4937
407.724	15.3826
409.502	14.9011
411.277	14.1604
413.054	15.0492
414.829	13.5307
416.605	15.0492
418.379	13.6789
420.155	13.5307
421.93	12.6789
423.703	15.0122
425.477	14.1233
427.25	14.3826
429.024	14.0492
430.795	14.2344
432.568	15.2715
434.339	14.6048
436.112	15.0492
437.882	15.1233
439.654	14.2344
441.423	15.0122
443.195	14.6418
444.964	15.2715
446.734	15.2715
448.502	15.3826
450.272	14.6048
452.039	14.5678
453.809	15.4196
455.575	14.9381
457.344	15.827
459.11	15.2715
460.876	14.4566
462.643	14.6789
464.408	14.1974
466.175	15.2344
467.939	15.1974
469.704	15.0492
471.469	15.0863
473.233	13.9011
474.998	14.3455
476.76	14.2715
478.523	15.0492
480.287	14.4566
482.049	14.6789
483.81	14.6789
485.573	14.1974
487.334	15.0863
489.094	14.6418
490.856	14.3455
492.616	14.8641
494.375	14.5307
496.134	13.7529
497.895	13.5307
499.653	14.9752
501.411	14.2715
503.17	11.9011
504.928	14.1604
506.685	13.3085
508.441	13.1604
510.2	13.0492
511.955	13.6418
513.711	13.3085
515.466	14.5307
517.221	14.0122
518.978	13.1233
520.732	13.0863
522.486	13.3826
524.24	13.6048
525.993	12.0492
527.746	13.1233
529.5	12.9011
531.252	11.8641
533.004	12.5678
534.756	13.6048
536.507	14.0863
538.258	13.6048
540.009	14.2715
541.761	13.0492
543.511	13.6048
545.26	14.1233
547.009	14.1604
548.758	14.0122
550.507	13.3826
552.255	14.5307
554.003	13.3826
555.75	13.4937
557.497	14.4566
559.244	13.6048
560.991	15.3455
562.737	14.0492
564.483	13.3085
566.228	14.7529
567.974	14.4196
569.718	13.5307
571.463	13.6789
573.207	14.0492
574.951	13.827
576.694	14.6048
578.438	14.1233
580.18	13.8641
581.923	14.2715
583.665	13.6048
585.407	15.0863
587.148	13.4196
588.89	13.6048
590.631	14.2715
592.371	14.6048
594.111	14.0122
595.851	14.6418
597.589	14.3085
599.328	14.3085
601.067	13.7159
602.805	13.6048
604.543	14.4196
606.281	13.5307
608.019	13.3085
609.756	14.3085
611.491	13.8641
613.227	13.3085
614.963	13.4937
616.699	14.5678
618.435	13.6789
620.168	14.4937
621.903	14.2344
623.637	13.6048
625.372	14.3455
627.105	13.9011
628.837	15.5307
630.57	14.9752
632.303	13.7159
634.036	14.9752
635.766	14.7529
637.498	13.9752
639.229	14.4196
640.958	13.6418
642.689	15.1604
644.42	14.3085
646.15	14.6418
647.878	13.827
649.608	14.4566
651.337	14.1604
653.064	14.1974
654.792	14.4196
656.521	14.1233
658.247	13.3826
659.974	14.0122
661.701	14.2715
663.426	14.1233
665.153	14.3455
666.877	14.7529
668.603	14.4937
670.329	13.5678
672.052	14.2344
673.777	14.5307
675.5	14.6418
677.224	14.2715
678.946	14.7529
680.67	15.1233
682.393	14.0122
684.114	14.3826
685.837	15.3826
687.557	14.2715
689.279	14.0122
690.999	15.0492
692.72	14.0492
694.439	14.827
696.16	15.2715
697.878	14.3085
699.598	14.4196
701.316	13.827
703.035	14.6048
704.753	15.0122
706.471	14.7529
708.188	14.1233
709.904	14.827
711.622	15.1233
713.337	14.4937
715.054	14.8641
716.769	14.1974
718.483	13.6789
720.2	14.1974
721.913	13.6048
723.629	14.79
725.342	14.3085
727.055	15.0492
728.769	14.8641
730.482	14.0122
732.193	14.8641
733.907	14.3085
735.618	13.9752
737.329	14.79
739.042	13.7529
740.752	15.0492
742.462	15.2344
744.173	14.4196
745.883	14.9381
747.592	14.5678
749.3	14.3455
751.011	14.6789
752.719	14.2715
754.426	14.3085
756.134	15.1974
757.843	14.9381
759.549	14.2344
761.256	15.3085
762.962	14.4196
764.669	14.4196
766.375	14.5678
768.08	14.4937
769.785	15.3826
771.489	14.79
773.193	15.1974
774.899	14.4566
776.602	14.9011
778.306	13.7159
780.008	15.1233
781.711	14.5307
783.413	15.0492
785.115	14.7159
786.818	14.6048
788.52	15.3826
790.221	14.79
791.921	15.3455
793.621	14.5678
795.321	14.5307
797.021	14.7529
798.72	14.0863
800.419	14.0492
802.118	14.827
803.816	14.4937
805.514	15.1974
807.212	15.5307
808.909	14.0122
810.606	14.3085
812.303	14.4937
813.999	14.7159
815.695	14.6048
817.391	15.3455
819.087	15.6048
820.782	14.3455
822.477	14.3455
824.171	14.3826
825.865	14.9011
827.559	15.2344
829.253	14.4937
830.946	15.3455
832.639	14.3826
834.331	15.2344
836.023	14.6418
837.715	14.3085
839.405	14.7529
841.096	14.7529
842.787	15.4937
844.478	14.3826
846.168	15.2344
847.858	15.1974
849.548	14.5678
851.235	14.0492
852.924	15.1233
854.613	15.4937
856.302	14.6789
857.99	15.3455
859.677	14.827
861.363	14.5678
863.05	14.2715
864.737	14.2715
866.423	15.3455
868.108	14.827
869.794	15.4196
871.479	14.9011
873.164	15.0122
874.847	15.2715
876.532	15.3826
878.216	14.5678
879.9	15.3826
881.582	14.4196
883.265	14.5678
884.948	15.7159
886.629	15.2344
888.311	15.7529
889.994	15.1604
891.673	15.4937
893.355	14.5307
895.036	14.7159
896.715	15.1974
898.395	16.1233
900.076	16.0492
901.753	15.5307
903.433	15.1233
905.11	15.9752
906.789	15.2715
908.468	15.9381
910.144	16.6048
911.822	15.8641
913.498	14.6789
915.175	15.0122
916.85	16.3455
918.527	16.0492
920.202	15.2715
921.878	15.7529
923.551	15.3826
925.227	14.8641
926.9	15.5678
928.575	16.5678
930.248	16.8641
931.922	16.8641
933.594	15.9381
935.267	16.2715
936.939	15.6789
938.612	15.0863
940.282	15.4937
941.955	16.3826
943.625	16.3455
945.296	16.9381
946.966	17.5307
948.635	17.0122
950.306	17.1974
951.974	16.3455
953.644	16.4937
955.312	16.827
956.98	15.4196
958.649	16.5307
960.316	17.79
961.983	17.2344
963.651	16.5307
965.317	16.2715
966.983	16.9381
968.65	17.0492
970.315	15.9752
971.98	17.7159
973.646	17.3085
975.31	16.4937
976.974	17.0863
978.638	16.9752
980.303	16.79
981.966	17.0122
983.628	16.4196
985.291	16.6048
986.955	17.2344
988.616	17.3455
990.278	18.1974
991.939	17.827
993.599	17.79
995.262	17.0863
996.922	17.79
998.582	17.0492
1000.24	18.1974
1001.9	18.3826
1003.56	18.2715
1005.22	17.3455
1006.88	17.5307
1008.54	18.1233
1010.19	17.3826
1011.85	17.79
1013.51	18.9011
1015.16	18.7529
1016.82	18.1974
1018.48	18.2344
1020.13	19.2715
1021.79	18.2344
1023.45	18.5678
1025.1	18.8641
1026.76	18.2715
1028.41	19.4566
1030.06	19.0492
1031.72	18.4937
1033.37	19.6789
1035.02	19.4937
1036.68	19.4566
1038.33	19.0863
1039.98	20.4566
1041.63	19.3085
1043.28	20.3085
1044.93	18.79
1046.59	18.79
1048.24	19.8641
1049.89	21.0492
1051.54	19.9011
1053.19	20.7529
1054.84	20.79
1056.48	19.3455
1058.13	19.4937
1059.78	21.0122
1061.43	19.6418
1063.08	20.6418
1064.72	18.6789
1066.37	19.8641
1068.02	20.79
1069.66	19.6048
1071.31	19.3826
1072.95	21.6048
1074.6	20.79
1076.24	21.2715
1077.89	20.79
1079.53	20.3455
1081.18	20.6418
1082.82	20.2344
1084.47	21.3826
1086.11	20.5678
1087.75	21.3826
1089.39	19.827
1091.04	21.7529
1092.68	21.1974
1094.32	20.9381
1095.96	21.0492
1097.6	21.9381
1099.24	21.6048
1100.88	22.2715
1102.52	22.4566
1104.16	21.7529
1105.8	21.6789
1107.44	22.79
1109.08	22.0122
1110.72	22.9381
1112.35	22.4937
1113.99	21.4937
1115.63	21.5678
1117.27	22.827
1118.9	22.4566
1120.54	22.5307
1122.18	22.1604
1123.81	21.6789
1125.45	22.2344
1127.08	22.3085
1128.72	22.9752
1130.35	22.6789
1131.98	22.8641
1133.62	23.79
1135.25	23.1604
1136.89	23.6789
1138.52	23.4196
1140.15	23.1604
1141.78	23.3085
1143.42	24.79
1145.05	24.3826
1146.68	23.6418
1148.31	23.9381
1149.94	25.3826
1151.57	24.5678
1153.2	23.4937
1154.83	25.1233
1156.46	24.1604
1158.09	24.827
1159.72	24.7529
1161.35	25.4937
1162.97	24.9381
1164.6	26.3826
1166.23	25.2344
1167.86	24.7159
1169.48	25.5678
1171.11	26.3455
1172.74	25.3085
1174.36	26.6789
1175.99	25.9752
1177.61	25.6789
1179.24	26.0863
1180.86	25.1604
1182.49	26.3826
1184.11	27.7159
1185.73	25.7159
1187.36	26.0492
1188.98	27.0492
1190.6	26.4937
1192.23	26.79
1193.85	27.1604
1195.47	27.1233
1197.09	27.4566
1198.71	29.2715
1200.34	27.9011
1201.96	28.3455
1203.58	28.1233
1205.19	27.7529
1206.82	29.0863
1208.44	28.827
1210.05	28.827
1211.67	27.4566
1213.29	28.3826
1214.91	29.0863
1216.53	29.3085
1218.14	29.1233
1219.76	29.8641
1221.38	29.6789
1222.99	30.3826
1224.61	30.79
1226.23	31.3455
1227.84	30.3455
1229.46	30.6789
1231.07	22.1233
1232.69	31.5307
1234.3	32.3085
1235.92	33.1974
1237.53	32.7159
1239.14	31.79
1240.76	31.6048
1242.37	31.7159
1243.98	32.1233
1245.59	32.0863
1247.21	33.3085
1248.82	33.2344
1250.43	32.9752
1252.04	33.8641
1253.65	34.6789
1255.26	34.6418
1256.87	35.0122
1258.48	34.6048
1260.09	35.4566
1261.7	35.827
1263.31	36.0863
1264.91	35.4937
1266.52	35.6048
1268.13	36.6789
1269.74	35.4937
1271.35	35.79
1272.95	36.5307
1274.56	37.4937
1276.17	37.5678
1277.77	37.6048
1279.38	38.1974
1280.98	37.79
1282.59	39.1974
1284.19	39.7159
1285.8	39.2715
1287.4	38.7159
1289	39.6048
1290.61	39.9381
1292.21	40.3085
1293.81	40.79
1295.42	39.3826
1297.02	41.0492
1298.62	41.3085
1300.22	40.1233
1301.82	42.5678
1303.43	42.3085
1305.03	42.0492
1306.63	42.1974
1308.23	43.8641
1309.83	43.9381
1311.42	44.9011
1313.02	44.1233
1314.62	43.3826
1316.22	43.79
1317.82	44.8641
1319.42	45.0122
1321.02	45.7159
1322.61	46.1233
1324.21	45.3085
1325.81	46.3826
1327.4	46.5307
1329	47.5678
1330.6	46.1974
1332.19	47.9752
1333.79	47.3085
1335.38	47.4566
1336.98	48.4566
1338.57	47.827
1340.16	48.0863
1341.76	49.0492
1343.35	48.7529
1344.94	48.5307
1346.54	50.3455
1348.13	48.9752
1349.72	48.3085
1351.31	48.9752
1352.9	48.4566
1354.5	47.1603
1356.09	48.2344
1357.68	48.8641
1359.27	46.5307
1360.86	48.6789
1362.45	48.0122
1364.04	47.827
1365.62	49.0122
1367.21	49.1974
1368.8	49.1604
1370.39	46.9381
1371.98	48.3826
1373.57	47.2344
1375.15	46.6048
1376.74	47.6789
1378.33	46.0122
1379.91	46.827
1381.5	45.1974
1383.08	45.3085
1384.67	46.3826
1386.26	46.4937
1387.84	46.7159
1389.43	44.7159
1391.01	46.2344
1392.59	45.0122
1394.18	43.1233
1395.76	44.3085
1397.34	45.2344
1398.93	45.9381
1400.51	42.7529
1402.09	42.7159
1403.67	43.6048
1405.25	41.4566
1406.83	43.9011
1408.41	41.5678
1409.99	42.9011
1411.58	42.5678
1413.16	40.1974
1414.74	41.2715
1416.31	40.6418
1417.89	42.5678
1419.47	40.827
1421.05	40.0863
1422.63	41.0122
1424.21	39.9011
1425.78	40.4937
1427.36	40.2344
1428.94	40.4196
1430.52	39.7159
1432.09	40.1974
1433.67	39.5678
1435.24	40.6418
1436.82	39.0492
1438.39	38.1233
1439.97	39.4566
1441.54	38.6789
1443.12	39.1604
1444.69	39.3085
1446.26	37.8641
1447.84	37.9752
1449.41	37.4937
1450.98	38.6789
1452.56	38.79
1454.13	38.4566
1455.7	38.3826
1457.27	36.5307
1458.84	39.1603
1460.41	39.1974
1461.98	38.1974
1463.55	38.8641
1465.12	38.0492
1466.69	37.1233
1468.26	37.4937
1469.83	37.8641
1471.4	39.3085
1472.97	35.0863
1474.54	37.79
1476.11	36.1974
1477.67	38.6048
1479.24	37.2715
1480.81	36.7529
1482.37	36.4937
1483.94	37.0863
1485.51	36.5678
1487.07	36.0863
1488.64	38.3455
1490.2	37.4937
1491.77	36.9011
1493.33	36.5307
1494.9	37.2715
1496.46	37.6048
1498.03	38.0122
1499.59	38.0863
1501.15	37.7529
1502.72	38.4937
1504.28	38.9752
1505.84	37.6789
1507.4	38.5307
1508.96	37.4566
1510.52	38.6048
1512.09	38.4196
1513.65	38.6418
1515.21	38.9381
1516.77	39.0492
1518.33	39.0122
1519.89	38.8641
1521.45	39.1974
1523.01	39.6048
1524.56	38.7529
1526.12	40.0863
1527.68	39.9752
1529.24	39.79
1530.79	40.5678
1532.35	40.9381
1533.91	41.2715
1535.47	41.9381
1537.02	41.3826
1538.58	41.827
1540.13	41.6418
1541.69	42.3455
1543.24	45.2344
1544.8	43.1604
1546.35	44.6048
1547.91	44.1233
1549.46	46.79
1551.02	46.0492
1552.57	46.2344
1554.12	45.2344
1555.68	47.4196
1557.23	47.4196
1558.78	49.4937
1560.33	48.7529
1561.88	47.79
1563.43	50.79
1564.99	50.8641
1566.54	50.0122
1568.09	53.1604
1569.64	50.1974
1571.19	54.3085
1572.73	52.6418
1574.29	54.7159
1575.83	54.6048
1577.38	55.9011
1578.93	54.827
1580.48	53.6789
1582.03	56.6048
1583.57	56.7159
1585.12	55.9011
1586.67	54.7159
1588.21	54.2344
1589.76	55.5307
1591.31	56.1974
1592.85	55.0863
1594.4	56.8641
1595.94	54.2715
1597.49	53.6048
1599.03	54.2715
1600.58	53.5307
1602.12	53.0492
1603.66	52.0122
1605.21	52.5307
1606.75	51.3085
1608.29	49.6048
1609.84	49.4937
1611.38	47.9752
1612.92	49.2344
1614.46	44.8641
1616	47.4937
1617.54	45.2715
1619.08	43.6418
1620.62	44.7159
1622.16	41.9011
1623.7	40.7159
1625.24	38.9381
1626.78	40.1974
1628.32	39.0863
1629.86	36.3455
1631.4	36.827
1632.94	36.1603
1634.48	34.0122
1636.01	34.2344
1637.55	34.3455
1639.09	32.6048
1640.62	33.6048
1642.16	32.5678
1643.7	32.7529
1645.23	31.2715
1646.77	29.3085
1648.3	30.5678
1649.84	29.8641
1651.37	28.1974
1652.91	28.1233
1654.44	28.2344
1655.97	28.5678
1657.51	27.3085
1659.04	26.827
1660.57	26.8641
1662.11	26.3455
1663.64	26.3455
1665.17	26.4937
1666.7	25.6789
1668.23	25.9011
1669.77	25.827
1671.3	25.0492
1672.83	24.1233
1674.36	24.6048
1675.89	24.3085
1677.42	23.2344
1678.95	23.9011
1680.47	21.9381
1682	23.4196
1683.53	22.5678
1685.06	22.9752
1686.59	22.9381
1688.12	22.0122
1689.64	21.7529
1691.17	21.4937
1692.7	22.827
1694.22	21.5678
1695.75	21.5678
1697.28	21.2715
1698.8	20.2715
1700.33	21.6048
1701.85	20.1974
1703.38	21.79
1704.9	20.0122
1706.42	21.7529
1707.95	20.6418
1709.47	18.6789
1711	19.3455
1712.52	20.2344
1714.04	18.8641
1715.56	20.7529
1717.09	19.4566
1718.61	19.1974
1720.13	18.6789
1721.65	19.4196
1723.17	19.7159
1724.69	17.79
1726.21	17.8641
1727.73	19.0122
1729.25	18.6048
1730.77	17.3455
1732.29	16.79
1733.81	18.3085
1735.33	15.5678
1736.85	18.2344
1738.37	17.3455
1739.88	16.9011
1741.4	18.0767
1742.92	18.4056
1744.44	19.4597
1745.95	20.028
1747.47	18.5567
1748.99	18.6944
1750.5	18.3876
1752.02	19.1394
1753.53	18.6165
1755.05	18.73
1756.56	18.7557
1758.08	17.7212
1759.59	18.0612
1761.11	17.4866
1762.62	17.0756
1764.13	17.7826
1765.65	17.7988
1767.16	17.1837
1768.67	17.7047
1770.18	17.8071
1771.69	17.2893
1773.21	16.886
1774.72	18.0461
1776.23	16.8823
1777.74	17.1819
1779.25	16.9423
1780.76	16.9577
1782.27	17.7043
1783.78	16.2098
1785.29	17.2777
1786.8	17.1957
1788.31	17.2344
1789.81	16.6218
1791.32	17.1945
1792.83	17.1349
1794.34	17.3794
1795.85	18.1872
1797.35	16.6943
1798.86	17.7381
1800.37	17.6097
1801.87	17.0385
1803.38	17.773
1804.89	16.3026
1805.25	17.3396
1806.76	17.1174
1808.27	17.7471
1809.78	16.3767
1811.29	16.8582
1812.81	16.0063
1814.32	17.0804
1815.83	17.2656
1817.34	16.8582
1818.85	16.8582
1820.36	16.5989
1821.87	16.673
1823.37	16.5248
1824.88	16.4878
1826.39	16.4137
1827.9	17.2656
1829.41	17.8211
1830.92	15.7471
1832.42	16.3396
1833.93	16.6359
1835.44	16.4878
1836.94	16.7841
1838.45	16.1545
1839.96	16.2285
1841.46	16.5989
1842.97	17.3026
1844.47	15.8952
1845.98	16.6359
1847.48	17.1174
1848.98	16.0434
1850.49	16.3026
1851.99	15.7471
1853.5	16.0804
1855	16.0804
1856.5	16.3026
1858	15.7471
1859.51	16.4137
1861.01	16.0434
1862.51	15.3026
1864.01	15.9322
1865.51	16.5989
1867.01	15.8211
1868.51	16.0434
1870.01	16.3396
1871.52	15.8582
1873.01	15.5619
1874.51	16.0434
1876.01	16.5989
1877.51	16.5248
1879.01	17.4137
1880.51	15.3767
1882.01	15.673
1883.5	16.3767
1885	16.6359
1886.5	16.7841
1888	16.3026
1889.49	15.3396
1890.99	15.3396
1892.49	15.8952
1893.98	16.4508
1895.48	16.1915
1896.97	15.9322
1898.47	15.6359
1899.96	16.6359
1901.46	15.1545
1902.95	16.0063
1904.45	15.3767
1905.94	16.4137
1907.43	16.3026
1908.93	17.3026
1910.42	16.673
1911.91	15.2656
1913.4	16.3767
1914.9	16.3396
1916.39	15.1915
1917.88	15.0804
1919.37	16.4508
1920.86	16.71
1922.35	15.6359
1923.84	16.3767
1925.33	16.3767
1926.82	17.0063
1928.31	15.4508
1929.8	15.1174
1931.29	16.0063
1932.78	16.6359
1934.27	16.8952
1935.76	16.8952
1937.24	16.0434
1938.73	17.3396
1940.22	14.8582
1941.7	16.0434
1943.19	15.3026
1944.68	15.5248
1946.16	15.5619
1947.65	15.0063
1949.14	16.1545
1950.62	13.5248
1952.11	15.9693
1953.59	15.8211
1955.08	14.71
1956.56	14.8211
1958.04	15.0063
1959.53	15.0434
1961.01	15.3767
1962.49	13.8211
1963.98	15.3396
1965.46	14.9693
1966.94	14.673
1968.42	14.8211
1969.91	15.1174
1971.39	14.71
1972.87	15.4508
1974.35	14.8952
1975.83	14.71
1977.31	15.8952
1978.79	16.3026
1980.27	15.4137
1981.75	16.673
1983.23	16.1545
1984.71	15.0804
1986.19	16.2656
1987.67	16.7471
1989.15	16.4508
1990.62	15.9322
1992.1	16.0434
1993.58	16.4878
1995.06	16.2285
1996.53	17.1174
1998.01	16.5619
1999.49	15.71
2000.96	16.3767
2002.44	15.673
2003.91	15.9322
2005.39	15.4137
2006.86	15.4137
2008.34	15.0804
2009.81	16.3767
2011.29	16.4878
2012.76	15.5248
2014.24	15.9693
2015.71	15.1915
2017.18	15.5989
2018.65	16.0434
2020.13	16.5989
2021.6	16.7841
2023.07	15.1545
2024.54	15.8952
2026.01	15.0804
2027.49	16.3767
2028.96	15.5248
2030.43	14.9322
2031.9	15.1174
2033.37	16.1545
2034.84	16.0434
2036.31	14.3767
2037.78	15.4878
2039.25	15.3396
2040.72	14.8211
2042.18	15.673
2043.65	14.9322
2045.12	15.1174
2046.59	15.9693
2048.06	15.673
2049.52	14.7471
2050.99	15.5248
2052.46	15.0434
2053.92	15.9322
2055.39	13.9693
2056.85	16.1545
2058.32	14.8211
2059.79	14.6359
2061.25	14.7471
2062.71	16.0063
2064.18	16.0063
2065.64	15.5248
2067.11	14.8211
2068.57	15.0804
2070.03	16.9322
2071.5	16.8211
2072.96	15.9693
2074.42	15.8582
2075.89	14.7841
2077.35	15.9693
2078.81	17.0063
2080.27	15.673
2081.73	15.4137
2083.19	16.4137
2084.65	16.3026
2086.12	16.3396
2087.58	16.71
2089.03	16.3026
2090.49	16.0434
2091.95	16.4508
2093.41	16.4137
2094.87	16.1915
2096.33	16.5989
2097.79	16.4508
2099.25	16.1545
2100.71	16.9693
2102.16	15.8211
2103.62	16.0434
2105.08	15.9693
2106.53	15.5989
2107.99	16.5248
2109.45	16.4878
2110.9	15.2656
2112.36	16.2285
2113.81	17.0434
2115.27	16.7841
2116.72	16.4508
2118.18	15.8211
2119.63	16.2285
2121.09	16.7841
2122.54	16.1174
2123.99	16.673
2125.45	16.4137
2126.9	15.71
2128.35	16.9322
2129.8	15.6359
2131.26	16.4508
2132.71	16.3767
2134.16	17.3396
2135.61	15.7471
2137.06	16.1545
2138.52	16.1545
2139.97	15.9322
2141.42	16.8582
2142.87	16.3026
2144.31	15.9322
2145.77	15.4878
2147.21	16.8952
2148.66	16.6359
2150.11	16.5619
2151.56	17.2285
2153.01	16.71
2154.46	16.1545
2155.9	16.4137
2157.35	16.2656
2158.8	16.5619
2160.25	16.3767
2161.69	16.0804
2163.14	15.7841
2164.59	15.7841
2166.03	16.4878
2167.48	16.71
2168.92	16.673
2170.37	16.3396
2171.81	16.1915
2173.26	16.3396
2174.7	17.2285
2176.14	17.0434
2177.59	16.8211
2179.03	16.8582
2180.47	16.5248
2181.92	15.9693
2183.36	15.6359
2184.8	16.1545
2186.24	16.7471
2187.69	17.0434
2189.13	16.9322
2190.57	16.1915
2192.01	16.9322
2193.45	16.3767
2194.89	16.71
2196.33	16.2285
2197.77	16.0063
2199.21	16.0434
2200.65	16.8582
2202.09	17.3026
2203.53	16.673
2204.97	16.4508
2206.41	16.9693
2207.85	16.6359
2209.28	17.4508
2210.72	17.1174
2212.16	16.5619
2213.6	17.3396
2215.03	16.1545
2216.47	15.8952
2217.91	16.71
2219.34	15.7841
2220.78	16.2285
2222.21	17.7471
2223.65	17.0063
2225.08	16.2656
2226.52	17.3026
2227.95	17.0063
2229.39	16.8211
2230.82	17.0804
2232.26	16.5989
2233.69	17.3026
2235.12	16.1174
2236.56	16.0804
2237.99	16.6359
2239.42	16.71
2240.85	16.2656
2242.29	16.4137
2243.72	16.1545
2245.15	16.71
2246.58	16.7841
2248.01	16.5619
2249.44	16.3396
2250.87	17.1915
2252.3	16.8211
2253.73	17.1545
2255.16	16.5989
2256.59	17.3026
2258.02	17.5248
2259.45	15.9693
2260.88	16.9693
2262.3	17.0434
2263.73	17.4137
2265.16	17.5989
2266.59	16.2656
2268.02	16.0434
2269.44	16.7841
2270.87	17.3396
2272.3	15.7841
2273.72	16.9322
2275.15	16.7471
2276.57	16.3396
2278	15.7841
2279.42	17.4137
2280.85	17.2285
2282.27	16.7841
2283.7	17.2656
2285.12	16.5619
2286.55	16.0434
2287.97	17.7471
2289.39	17.1174
2290.82	16.3767
2292.24	17.1174
2293.66	16.3396
2295.08	16.7471
2296.51	18.1174
2297.93	17.8952
2299.35	17.1174
2300.77	16.8952
2302.19	16.8582
2303.61	16.3396
2305.03	17.8582
2306.45	16.4137
2307.87	17.1174
2309.29	17.5989
2310.71	17.673
2312.13	16.5248
2313.55	17.2656
2314.97	16.6359
2316.39	16.5989
2317.81	16.7471
2319.23	16.0434
2320.64	16.5248
2322.06	17.5619
2323.48	16.71
2324.89	17.0063
2326.31	17.673
2327.73	17.2285
2329.14	17.2285
2330.56	16.9322
2331.98	16.8211
2333.39	18.2656
2334.81	18.1174
2336.22	16.5248
2337.64	17.1915
2339.05	18.0434
2340.46	17.4878
2341.88	17.0434
2343.29	18.2285
2344.71	17.4508
2346.12	17.8952
2347.53	17.0434
2348.94	17.1545
2350.36	17.4137
2351.77	17.5248
2353.18	17.2285
2354.59	16.9693
2356	17.0804
2357.41	17.0804
2358.82	16.9322
2360.24	17.4878
2361.65	17.7471
2363.06	17.8211
2364.47	18.2656
2365.87	18.1915
2367.28	16.8582
2368.69	17.1545
2370.1	17.6359
2371.51	18.0063
2372.92	17.5248
2374.33	18.2656
2375.73	17.9322
2377.14	18.7471
2378.55	17.673
2379.96	18.4878
2381.36	17.8211
2382.77	17.4508
2384.18	17.1915
2385.58	18.2656
2386.99	17.5619
2388.39	18.8582
2389.8	17.71
2391.2	17.1915
2392.61	18.5248
2394.01	18.5619
2395.42	17.7471
2396.82	18.8211
2398.22	16.71
2399.63	17.6359
2401.03	17.6359
2402.43	17.6359
2403.84	17.3767
2405.24	19.3767
2406.64	17.5989
2408.04	18.2656
2409.44	17.8211
2410.85	17.8952
2412.25	17.8211
2413.65	18.5248
2415.05	18.8211
2416.45	17.7841
2417.85	19.3026
2419.25	18.5248
2420.65	17.2656
2422.05	17.8211
2423.45	18.0063
2424.85	18.2285
2426.25	16.9322
2427.64	18.4137
2429.04	17.5989
2430.44	19.0804
2431.84	17.3026
2433.24	20.1915
2434.63	18.7471
2436.03	18.71
2437.43	18.9693
2438.82	19.3767
2440.22	18.71
2441.61	18.2656
2443.01	18.0804
2444.41	18.4508
2445.8	19.2656
2447.2	19.4878
2448.59	18.1915
2449.98	18.3396
2451.38	19.4878
2452.77	17.7471
2454.17	18.5248
2455.56	17.4137
2456.95	19.0434
2458.35	19.0434
2459.74	19.5248
2461.13	18.3396
2462.52	19.3026
2463.91	19.4878
2465.31	19.4878
2466.7	19.2656
2468.09	18.3026
2469.48	18.4508
2470.87	20.0804
2472.26	19.1545
2473.65	18.3767
2475.04	19.8582
2476.43	19.1174
2477.82	18.673
2479.21	18.9322
2480.6	17.3026
2481.98	18.673
2483.37	19.0063
2484.76	19.7471
2486.15	18.4137
2487.54	19.6359
2488.92	18.8582
2490.31	19.8211
2491.7	18.4137
2493.09	18.3396
2494.47	17.9322
2495.86	19.2656
2497.24	18.3767
2498.63	19.4508
2500.01	19.4137
2501.4	19.3396
2502.78	18.6359
2504.17	20.1545
2505.55	18.9693
2506.94	18.3396
2508.32	19.4508
2509.7	19.8582
2511.09	19.1545
2512.47	19.4137
2513.85	18.5248
2515.24	19.9322
2516.62	19.2285
2518	19.2656
2519.38	19.4137
2520.77	18.8211
2522.15	19.1545
2523.53	18.673
2524.91	19.5989
2526.29	20.4508
2527.67	18.8211
2529.05	19.7471
2530.43	19.0434
2531.81	19.7471
2533.19	18.673
2534.57	19.9693
2535.95	20.1915
2537.33	19.673
2538.7	19.1915
2540.08	19.5989
2541.46	19.5248
2542.84	19.9322
2544.22	18.4878
2545.59	20.2285
2546.97	19.8582
2548.35	20.0434
2549.72	20.3767
2551.1	19.1545
2552.48	20.3026
2553.85	19.2656
2555.23	19.8582
2556.6	19.9693
2557.98	20.5989
2559.35	20.2656
2560.73	19.5248
2562.1	20.2285
2563.47	20.5989
2564.85	20.6359
2566.22	19.1915
2567.59	19.0804
2568.97	20.8952
2570.34	19.0434
2571.71	20.8582
2573.09	20.0063
2574.46	20.4508
2575.83	19.8952
2577.2	20.0063
2578.57	19.3396
2579.94	20.1915
2581.31	20.2656
2582.68	20.4508
2584.05	20.6359
2585.42	19.2285
2586.79	20.8582
2588.16	21.1545
2589.53	21.673
2590.9	19.5248
2592.27	20.6359
2593.64	20.7841
2595.01	20.2285
2596.38	20.0434
2597.74	20.5248
2599.11	20.5619
2600.48	20.1174
2601.85	20.8582
2603.21	21.2285
2604.58	20.3767
2605.95	19.9693
2607.31	21.8952
2608.68	20.1545
2610.04	20.9693
2611.41	20.6359
2612.77	19.673
2614.14	21.71
2615.5	20.2285
2616.87	21.1174
2618.23	20.673
2619.6	19.0434
2620.96	22.7471
2622.32	20.5248
2623.69	20.1174
2625.05	19.5248
2626.41	21.9322
2627.78	21.3026
2629.14	20.673
2630.5	20.7471
2631.86	20.4137
2633.22	21.3396
2634.58	20.3026
2635.94	20.7841
2637.31	21.1545
2638.67	19.7841
2640.03	21.0804
2641.39	20.71
2642.75	20.8211
2644.11	21.7841
2645.47	20.8211
2646.82	14.9322
2648.18	20.6359
2649.54	22.2285
2650.9	22.1915
2652.26	21.3767
2653.62	21.8952
2654.97	21.8211
2656.33	21.5619
2657.69	22.3396
2659.05	20.2285
2660.4	22.2656
2661.76	20.9322
2663.12	22.4508
2664.47	20.8211
2665.83	21.8952
2667.18	21.3767
2668.54	21.8211
2669.89	20.3396
2671.25	21.5619
2672.6	21.9322
2673.96	21.6359
2675.31	20.7471
2676.66	20.71
2678.02	22.0434
2679.37	22.4878
2680.72	20.6359
2682.08	21.0804
2683.43	21.7471
2684.78	22.1545
2686.13	21.3396
2687.49	22.5619
2688.84	22.8952
2690.19	23.0434
2691.54	22.4137
2692.89	21.8582
2694.24	21.4878
2695.59	21.9322
2696.94	22.5248
2698.29	21.5619
2699.64	21.8582
2700.99	22.4878
2702.34	22.5619
2703.69	23.0804
2705.04	22.0804
2706.39	22.6359
2707.73	22.8211
2709.08	22.5989
2710.43	22.6359
2711.78	22.673
2713.13	22.4137
2714.47	20.7841
2715.82	22.4508
2717.17	22.673
2718.51	23.4137
2719.86	22.0434
2721.21	23.3767
2722.55	21.8211
2723.9	24.3026
2725.24	22.5989
2726.59	22.8211
2727.93	22.8211
2729.28	22.1545
2730.62	22.7841
2731.96	22.4508
2733.31	22.71
2734.65	22.5248
2735.99	23.1545
2737.34	23.8952
2738.68	22.3026
2740.02	22.4508
2741.36	23.4508
2742.71	22.1174
2744.05	21.8211
2745.39	23.5619
2746.73	21.9322
2748.07	23.5619
2749.41	23.0434
2750.75	22.4878
2752.09	22.8952
2753.43	21.4508
2754.77	24.2656
2756.11	22.6359
2757.45	22.1545
2758.79	22.9322
2760.13	22.5989
2761.47	22.1545
2762.81	22.9693
2764.15	22.5989
2765.49	22.2285
2766.82	23.2656
2768.16	22.5619
2769.5	23.2285
2770.83	21.5619
2772.17	23.5248
2773.51	22.8952
2774.84	22.8582
2776.18	24.4878
2777.52	22.5619
2778.85	23.9322
2780.19	23.0804
2781.52	22.9693
2782.86	24.3767
2784.19	22.5989
2785.53	23.7841
2786.86	22.9693
2788.2	23.0434
2789.53	22.3767
2790.86	22.673
2792.2	23.5619
2793.53	23.3026
2794.86	22.0434
2796.19	23.5989
2797.53	23.1545
2798.86	23.5619
2800.19	24.3026
2801.52	22.7471
2802.85	22.5989
2804.19	22.8211
2805.52	22.7841
2806.85	23.7841
2808.18	23.673
2809.51	23.3396
2810.84	24.0063
2812.17	23.673
2813.5	24.3767
2814.83	23.4878
2816.15	22.9693
2817.48	23.5989
2818.81	24.3767
2820.14	23.1915
2821.47	23.8211
2822.8	23.8952
2824.12	24.5989
2825.45	23.2285
2826.78	24.8211
2828.11	24.1915
2829.43	24.3396
2830.76	24.1174
2832.09	23.2285
2833.41	23.1915
2834.74	24.7841
2836.06	24.8211
2837.39	24.3767
2838.71	23.0804
2840.04	24.3767
2841.36	23.2285
2842.69	24.3767
2844.01	24.1174
2845.33	23.8582
2846.66	24.5989
2847.98	24.5619
2849.31	24.3396
2850.63	24.1915
2851.95	24.6359
2853.27	24.3767
2854.6	23.8952
2855.92	23.1915
2857.24	25.1174
2858.56	23.4878
2859.88	26.1174
2861.2	24.3026
2862.52	24.0804
2863.85	23.9693
2865.17	23.2285
2866.49	23.0804
2867.81	24.2285
2869.13	23.2656
2870.45	23.673
2871.76	24.3026
2873.08	23.5989
2874.4	23.8211
2875.72	24.2285
2877.04	24.9322
2878.36	24.4508
2879.68	24.9322
2880.99	23.8582
2882.31	24.4137
2883.63	23.5248
2884.95	24.1545
2886.26	24.1545
2887.58	23.8582
2888.89	23.7841
2890.21	24.71
2891.53	24.5619
2892.84	24.5248
2894.16	24.5248
2895.47	24.1915
2896.79	24.4508
2898.1	24.71
2899.42	25.3396
2900.73	24.7841
2902.04	23.673
2903.36	24.0804
2904.67	25.1915
2905.98	24.4878
2907.3	23.1174
2908.61	23.7841
2909.92	23.5248
2911.23	24.9693
2912.55	23.8211
2913.86	24.2656
2915.17	24.9693
2916.48	24.4137
2917.79	23.5989
2919.1	23.8211
2920.41	24.0804
2921.73	24.0434
2923.03	24.1174
2924.35	23.6359
2925.65	24.9322
2926.96	25.0804
2928.27	24.5248
2929.58	24.5619
2930.89	23.0063
2932.2	24.673
2933.51	23.673
2934.82	23.7841
2936.12	23.8582
2937.43	24.673
2938.74	23.3767
2940.05	23.1915
2941.35	23.3026
2942.66	23.7471
2943.97	22.71
2945.27	23.9693
2946.58	23.9322
2947.89	23.9693
2949.19	23.1545
2950.5	22.7841
2951.8	22.3767
2953.11	23.8582
2954.41	21.8952
2955.72	24.4137
2957.02	22.8952
2958.33	24.3396
2959.63	23.2285
2960.93	24.5248
2962.24	24.2656
2963.54	23.7471
2964.84	24.5248
2966.15	24.4878
2967.45	24.4508
2968.75	23.5989
2970.05	24.0063
2971.35	22.8211
2972.66	23.7471
2973.96	22.3396
2975.26	22.2285
2976.56	23.5248
2977.86	22.2285
2979.16	23.3396
2980.46	21.71
2981.76	23.1915
2983.06	23.3767
2984.36	24.2656
2985.66	23.2285
2986.96	23.3026
2988.26	23.0434
2989.55	22.9693
2990.85	22.4137
2992.15	22.4878
2993.45	23.71
2994.75	23.1915
2996.04	23.71
2997.34	22.3767
2998.64	23.1545
2999.93	22.8211
3001.23	22.4878
3002.53	23.3026
3003.82	22.1545
3005.12	22.4137
3006.41	22.6359
3007.71	22.0063
3009.01	22.71
3010.3	23.0804
3011.59	22.3767
3012.89	23.1915
3014.18	21.8211
3015.48	22.0804
3016.77	23.0804
3018.07	22.1915
3019.36	22.5619
3020.65	21.7841
3021.94	22.4878
3023.24	23.2285
3024.53	22.5619
3025.82	21.3396
3027.11	22.673
3028.41	21.2656
3029.7	22.5248
3030.99	22.673
3032.28	21.0804
3033.57	22.7471
3034.86	22.7471
3036.15	23.0433
3037.44	21.5619
3038.73	23.1174
3040.02	20.7471
3041.31	21.4137
3042.6	22.7471
3043.89	21.9693
3045.18	20.9322
3046.47	21.8582
3047.76	22.3026
3049.04	21.0804
3050.33	20.2285
3051.62	20.8582
3052.91	21.4137
3054.19	20.8211
3055.48	21.5248
3056.77	19.5989
3058.06	20.3026
3059.34	19.673
3060.63	20.0434
3061.91	20.1174
3063.2	21.0434
3064.48	19.3026
3065.77	20.8952
3067.06	18.71
3068.34	19.8952
3069.62	20.3396
3070.91	20.4137
3072.19	18.4878
3073.48	20.0804
3074.76	18.8952
3076.04	20.1174
3077.33	21.0548
3078.61	20.5401
3079.89	21.1373
3081.18	20.7551
3082.46	21.0827
3083.74	20.6687
3085.02	20.849
3086.3	20.3222
3087.58	20.4749
3088.87	21.3357
3090.15	19.4497
3091.43	20.866
3092.71	19.9111
3093.99	20.3842
3095.27	20.251
3096.55	19.6088
3097.83	20.5135
3099.11	19.0478
3100.39	19.3401
3101.67	19.4963
3102.94	18.2778
3104.22	19.676
3105.5	20.4825
3106.78	19.8816
3108.06	20.4228
3109.34	20.076
3110.61	19.4018
3111.89	19.5623
3113.17	19.2939
3114.44	19.6198
3115.72	20.6046
3117	19.9942
3118.27	19.6723
3119.55	20.5262
3120.82	19.5265
3122.1	20.159
3123.38	21.0327
3124.65	20.3413
3125.93	20.4751
3127.2	19.2782
3128.47	20.5524
3129.75	19.0514
3131.02	19.6486
3132.26	20.3152
3133.54	20.4264
3134.82	18.9819
3136.1	21.1671
3137.37	20.3893
3138.65	19.8708
3139.93	20.0189
3141.21	20.5745
3142.49	19.056
3143.77	19.6856
3145.04	18.9449
3146.32	20.0189
3147.6	18.9819
3148.88	19.4634
3150.15	18.7597
3151.43	19.093
3152.7	21.2041
3153.98	19.2782
3155.26	19.4634
3156.53	19.6856
3157.81	18.6486
3159.08	19.093
3160.36	19.9819
3161.63	20.0189
3162.91	19.6856
3164.18	19.9078
3165.46	19.5375
3166.73	19.9819
3168	20.0189
3169.28	19.5375
3170.55	18.6856
3171.82	20.1301
3173.09	19.2782
3174.37	20.2782
3175.64	19.1301
3176.91	19.3893
3178.18	20.1671
3179.45	18.6486
3180.73	20.5375
3182	20.3523
3183.27	19.7967
3184.54	18.7597
3185.81	20.3523
3187.08	19.8708
3188.35	19.6486
3189.62	19.5004
3190.89	19.2041
3192.16	18.7967
3193.43	18.5004
3194.7	18.7227
3195.97	19.0189
3197.24	20.5745
3198.5	20.3893
3199.77	18.7226
3201.04	18.2782
3202.31	20.7597
3203.57	18.5745
3204.84	18.7597
3206.11	18.6486
3207.38	18.056
3208.64	18.7597
3209.91	18.4264
3211.18	19.3523
3212.44	19.1301
3213.71	18.9078
3214.97	19.3152
3216.24	19.0189
3217.5	17.9819
3218.77	19.0189
3220.03	18.9819
3221.3	18.8338
3222.56	18.7967
3223.83	19.056
3225.09	18.9078
3226.35	18.5004
3227.62	18.5375
3228.88	18.056
3230.14	18.8708
3231.41	18.9078
3232.67	18.6486
3233.93	19.2782
3235.19	18.4264
3236.45	18.9078
3237.72	18.5745
3238.98	17.6486
3240.24	18.6486
3241.5	17.9819
3242.76	17.4634
3244.02	18.7597
3245.28	17.7597
3246.54	17.3152
3247.8	18.5004
3249.06	17.0189
3250.32	16.6115
3251.58	16.4634
3252.84	16.5745
3254.1	16.9078
3255.36	16.7597
3256.62	16.7226
3257.87	17.2782
3259.13	16.2782
3260.39	17.4264
3261.65	18.3152
3262.91	16.2782
3264.16	17.056
3265.42	15.8338
3266.68	17.093
3267.93	15.4264
3269.19	15.2782
3270.45	17.1301
3271.7	17.2041
3272.96	17.6115
3274.21	17.9078
3275.47	16.5004
3276.72	16.7967
3277.98	18.4634
3279.23	17.6486
3280.49	17.5004
3281.74	17.7967
3282.99	17.7967
3284.25	17.1671
3285.5	17.2412
3286.75	18.3523
3288.01	17.8338
3289.26	17.2782
3290.51	17.2782
3291.77	18.1301
3293.02	18.093
3294.27	17.9449
3295.52	17.0189
3296.77	19.1301
3298.02	18.2782
3299.28	16.6856
3300.53	18.2782
3301.78	17.2782
3303.03	17.056
3304.28	17.2041
3305.53	16.5375
3306.78	17.3893
3308.03	18.7967
3309.28	17.4634
3310.53	17.5745
3311.78	17.2041
3313.02	18.093
3314.27	17.7226
3315.52	17.1671
3316.77	16.5004
3318.02	16.7967
3319.26	16.9449
3320.51	18.1671
3321.76	17.2782
3323.01	17.4264
3324.25	16.6115
3325.5	16.8338
3326.75	16.4264
3327.99	16.9819
3329.24	17.3152
3330.49	15.9078
3331.73	15.093
3332.98	17.5375
3334.22	17.7967
3335.47	15.7967
3336.71	17.3523
3337.96	16.6856
3339.2	16.4264
3340.45	16.5004
3341.69	16.5745
3342.93	16.9449
3344.18	15.7967
3345.42	17.6115
3346.66	16.5375
3347.91	15.4634
3349.15	15.7967
3350.39	15.9819
3351.63	17.3152
3352.87	16.9819
3354.12	15.8708
3355.36	17.1671
3356.6	16.6115
3357.84	16.6115
3359.08	17.9819
3360.32	15.8338
3361.56	16.6856
3362.8	17.4634
3364.04	17.5375
3365.28	17.4634
3366.52	18.056
3367.76	16.5745
3369	17.6856
3370.24	15.5004
3371.48	18.0189
3372.72	16.6486
3373.96	18.2412
3375.2	15.4634
3376.43	16.2782
3377.67	15.9078
3378.91	17.093
3380.15	16.8338
3381.38	16.4634
3382.62	16.3152
3383.86	16.2412
3385.09	17.1671
3386.33	17.2041
3387.57	16.9078
3388.8	16.5004
3390.04	16.4634
3391.27	16.6486
3392.51	16.7967
3393.74	16.6856
3394.98	16.7597
3396.21	16.7597
3397.45	15.6486
3398.68	16.5375
3399.92	16.093
3401.15	16.9819
3402.39	17.056
3403.62	15.7227
3404.85	17.3523
3406.08	16.8338
3407.32	16.3523
3408.55	16.7597
3409.78	16.5004
3411.01	16.4634
3412.25	16.3893
3413.48	16.3893
3414.71	17.0189
3415.94	16.4634
3417.17	17.6486
3418.4	16.056
3419.63	15.3523
3420.86	16.6856
3422.09	16.5004
3423.32	17.2041
3424.56	16.3152
3425.78	16.9078
3427.01	16.0189
3428.24	17.3152
3429.47	16.9078
3430.7	16.5745
3431.93	17.0189
3433.16	16.3152
3434.39	16.2782
3435.62	15.2782
3436.84	15.6115
3438.07	16.2782
3439.3	17.1671
3440.52	16.3523
3441.75	16.1671
3442.98	16.2041
3444.2	16.7226
3445.43	16.2041
3446.66	16.9078
3447.88	15.7227
3449.11	15.5375
3450.34	16.3893
3451.56	16.7226
3452.79	15.9078
3454.01	14.9819
3455.23	17.0189
3456.46	16.0189
3457.68	15.7967
3458.91	15.7226
3460.13	15.093
3461.35	16.4634
3462.58	16.1671
3463.8	17.056
3465.02	16.5004
3466.25	15.3523
3467.47	16.3523
3468.69	16.3152
3469.92	16.4634
3471.14	15.7597
3472.36	16.5745
3473.58	16.093
3474.8	16.6486
3476.02	15.8338
3477.24	14.1671
3478.46	15.7226
3479.69	16.4264
3480.91	16.3523
3482.13	15.3523
3483.35	17.3893
3484.57	15.7597
3485.79	16.0189
3487	14.4634
3488.22	15.4264
3489.44	15.056
3490.66	16.0189
3491.88	15.2041
3493.1	15.4634
3494.32	16.2782
3495.53	15.9449
3496.75	16.2041
3497.97	15.5745
3499.19	15.2782
3500.4	16.093
3501.62	15.3152
3502.84	15.6486
3504.05	14.6115
3505.27	15.6486
3506.49	16.2041
3507.7	15.0189
3508.92	16.6115
3510.13	16.7226
3511.35	15.6856
3512.56	15.3152
3513.78	15.2782
3514.99	16.1671
3516.21	15.5004
3517.42	16.3152
3518.64	17.093
3519.85	15.6856
3521.06	16.0189
3522.28	15.4634
3523.49	16.093
3524.7	17.093
3525.92	15.7597
3527.13	16.3152
3528.34	15.6856
3529.55	15.3523
3530.77	15.5004
3531.98	16.5375
3533.19	16.5375
3534.4	16.056
3535.61	13.7597
3536.82	15.5745
3538.03	15.6856
3539.24	15.093
3540.45	16.093
3541.66	15.0189
3542.87	16.3152
3544.08	15.6486
3545.29	15.6486
3546.5	16.6115
3547.71	15.5375
3548.92	15.8708
3550.13	17.093
3551.34	14.6486
3552.54	15.0189
3553.75	14.9449
3554.96	14.8708
3556.17	14.5745
3557.38	15.1671
3558.58	16.2782
3559.79	15.3893
3561	14.8708
3562.2	16.5375
3563.41	16.1671
3564.62	16.2782
3565.82	15.3152
3567.03	15.4634
3568.24	15.7226
3569.44	15.056
3570.64	15.2412
3571.85	15.1671
3573.05	15.8708
3574.26	15.9819
3575.46	14.8338
3576.67	14.9078
3577.87	14.5375
3579.08	16.1671
3580.28	16.4634
3581.48	15.9819
3582.69	16.7226
3583.89	15.8708
3585.09	16.1671
3586.3	15.093
3587.5	15.093
3588.7	14.6856
3589.9	15.1301
3591.1	14.9078
3592.3	14.9449
3593.51	16.3893
3594.71	16.2412
3595.91	15.6115
3597.11	15.1671
3598.31	14.5004
3599.51	14.9819
3600.71	16.9078
3601.91	14.5004
3603.11	16.3152
3604.31	15.5745
3605.51	15.2412
3606.71	14.9449
3607.91	14.7226
3609.11	16.093
3610.31	16.3523
3611.5	16.3152
3612.7	14.3152
3613.9	15.8338
3615.1	15.8708
3616.3	14.5745
3617.49	15.3523
3618.69	14.9078
3619.89	14.7226
3621.08	15.9819
3622.28	14.9819
3623.48	14.7597
3624.67	16.4264
3625.87	15.8708
3627.06	15.2041
3628.26	16.3523
3629.46	14.7967
3630.65	15.8338
3631.85	15.7226
3633.04	16.2412
3634.24	15.7226
3635.43	15.9078
3636.62	15.093
3637.82	15.7597
3639.01	16.0189
3640.21	15.093
3641.4	15.6115
3642.59	15.1671
3643.79	16.0189
3644.98	15.056
3646.17	15.056
3647.36	14.6486
3648.55	15.7597
3649.75	16.7597
3650.94	16.3152
3652.13	15.8338
3653.32	16.1671
3654.51	15.5375
3655.7	15.093
3656.89	16.1301
3658.09	16.093
3659.28	15.1301
3660.47	14.9819
3661.66	15.2041
3662.85	15.4634
3664.04	16.056
3665.23	15.9449
3666.41	15.4634
3667.6	15.6856
3668.79	16.7597
3669.98	15.9449
3671.17	16.3152
3672.36	14.9819
3673.55	14.9819
3674.73	15.3893
3675.92	16.7226
3677.11	17.1301
3678.29	15.2412
3679.48	15.093
3680.67	15.2412
3681.86	16.2041
3683.04	16.0189
3684.23	16.4634
3685.41	15.6856
3686.6	16.5375
3687.79	16.6486
3688.97	15.8338
3690.16	16.1671
3691.34	16.3893
3692.53	16.056
3693.71	16.1671
3694.9	16.5745
3696.08	15.8708
3697.26	16.3523
3698.45	17.0189
3699.63	16.9449
3700.82	16.093
3702	16.5004
3703.18	16.2412
3704.36	16.8708
3705.55	16.4264
3706.73	16.3523
3707.91	15.9449
3709.09	17.1671
3710.28	15.7967
3711.46	16.7226
3712.64	15.7226
3713.82	16.6115
3715	17.5745
3716.18	17.3523
3717.36	16.3152
3718.54	15.6856
3719.72	16.9819
3720.9	16.7967
3722.08	17.8708
3723.26	17.3893
3724.44	16.4264
3725.62	16.7226
3726.8	17.5375
3727.98	17.3523
3729.16	17.6115
3730.34	16.7967
3731.52	16.9449
3732.69	16.2412
3733.87	17.1301
3735.05	16.9078
3736.23	16.5375
3737.41	15.9449
3738.58	17.2041
3739.76	18.056
3740.94	16.1301
3742.11	18.0189
3743.29	16.7967
3744.47	18.5004
3745.64	16.7226
3746.82	17.2412
3747.99	16.8338
3749.17	18.2782
3750.34	17.9078
3751.52	17.9078
3752.69	16.5004
3753.87	17.9819
3755.04	17.3152
3756.22	18.7967
3757.39	18.093
3758.56	17.5745
3759.74	18.1301
3760.91	17.3893
3762.09	17.6486
3763.26	17.6856
3764.43	18.5004
3765.6	18.3893
3766.78	17.7597
3767.95	17.3893
3769.12	17.2412
3770.29	17.6115
3771.46	17.7226
3772.64	18.1301
3773.81	17.8708
3774.98	18.1301
3776.15	17.5004
3777.32	17.2782
3778.49	17.0189
3779.66	17.3152
3780.83	17.9819
3782	17.9449
3783.17	18.3893
3784.34	17.8708
3785.51	16.3893
3786.68	16.9449
3787.85	18.1301
3789.02	16.8338
3790.19	16.8708
3791.35	16.9078
3792.52	17.4264
3793.69	17.5375
3794.86	18.1671
3796.03	17.7967
3797.19	18.0189
3798.36	18.3152
3799.53	18.056
3800.69	18.093
3801.86	17.5375
3803.03	16.8708
3804.19	17.6486
3805.36	17.6486
3806.53	19.1671
3807.69	18.3893
3808.86	17.2782
3810.02	17.7597
3811.19	18.5745
3812.35	18.0189
3813.52	17.9078
3814.68	18.6115
3815.84	16.7967
3817.01	18.2412
3818.17	17.056
3819.34	18.2041
3820.5	17.4264
3821.66	17.1671
3822.83	18.2041
3823.99	18.1671
3825.15	18.3523
3826.32	19.7597
3827.48	17.9819
3828.64	18.7967
3829.8	18.7967
3830.96	16.6115
3832.13	17.8338
3833.29	17.093
3834.45	18.4634
3835.61	18.7597
3836.77	16.5745
3837.93	18.5375
3839.09	18.4264
3840.25	17.7597
3841.41	18.5004
3842.57	18.093
3843.73	17.093
3844.89	18.0189
3846.05	17.7227
3847.21	9.94487
3848.37	18.2782
3849.53	17.2041
3850.69	18.1671
3851.84	17.8708
3853	17.7597
3854.16	17.9449
3855.32	18.2041
3856.48	17.6856
3857.63	17.6856
3858.79	18.8338
3859.95	16.8708
3861.1	18.6115
3862.26	17.9078
3863.42	16.3152
3864.57	17.3523
3865.73	17.6115
3866.89	17.6115
3868.04	16.6486
3869.2	17.7226
3870.35	17.5375
3871.51	19.2412
3872.66	17.8338
3873.82	18.2041
3874.97	18.5004
3876.13	16.9078
3877.28	17.3152
3878.43	17.5745
3879.59	16.7967
3880.74	19.2041
3881.89	18.7967
3883.05	17.8338
3884.2	17.1671
3885.35	18.093
3886.51	16.7597
3887.66	18.2041
3888.81	17.2782
3889.96	18.3523
3891.12	17.5004
3892.27	16.9449
3893.42	18.9449
3894.57	17.9449
3895.72	17.8338
3896.87	16.6115
3898.02	17.093
3899.17	17.9078
3900.32	17.5004
3901.47	17.1671
3902.62	17.3893
3903.77	18.6486
3904.92	18.3893
3906.07	17.1671
3907.22	18.056
3908.37	17.4264
3909.52	18.093
3910.67	17.8708
3911.82	17.2782
3912.97	17.6486
3914.11	18.2412
3915.26	18.2412
3916.41	17.2041
3917.56	17.5004
3918.7	18.2412
3919.85	18.093
3921	18.6486
3922.14	17.5004
3923.29	16.6856
3924.44	17.8708
3925.58	17.7597
3926.73	17.9819
3927.88	18.9819
3929.02	17.2412
3930.17	16.2782
3931.31	17.6856
3932.46	17.6115
3933.6	18.3893
3934.75	17.6115
3935.89	17.056
3937.04	18.9078
3938.18	17.5004
3939.32	18.7597
3940.47	18.1301
3941.61	18.3893
3942.75	17.6486
3943.9	16.9819
3945.04	18.093
3946.18	18.2412
3947.33	18.4634
3948.47	18.3893
3949.61	16.5745
3950.75	17.5745
3951.89	18.3523
3953.04	17.5745
3954.18	18.5375
3955.32	17.2041
3956.46	18.2041
3957.6	17.3523
3958.74	18.2412
3959.88	16.8708
3961.02	17.8708
3962.16	19.2412
3963.3	17.2041
3964.44	19.2782
3965.58	18.3152
3966.72	18.2412
3967.86	17.4264
3969	18.2041
3970.14	17.1301
3971.28	17.3523
3972.42	18.7967
3973.55	18.2782
3974.69	18.8338
3975.83	17.9449
3976.97	18.4264
3978.11	18.3152
3979.24	18.4264
3980.38	18.3152
3981.52	18.1301
3982.65	18.093
3983.79	17.7597
3984.93	18.8338
3986.06	18.4634
3987.2	19.6856
3988.34	18.5004
3989.47	18.4264
3990.61	18.1671
3991.74	17.5745
3992.88	17.8708
3994.01	18.9449
3995.15	17.7597
3996.28	18.2412
3997.42	18.6856
3998.55	18.5375
3999.68	18.056
