149.672	27.7256
151.5	29.0219
153.33	31.5404
155.157	32.3923
156.986	32.17
158.813	35.3923
160.641	35.5034
162.467	38.0219
164.295	41.5034
166.12	42.0589
167.947	44.5404
169.771	46.2812
171.597	47.0589
173.421	49.2071
175.246	49.0589
177.069	46.6886
178.894	44.6145
180.716	44.5034
182.54	46.5404
184.362	47.5404
186.183	49.3182
188.006	52.7626
189.827	52.6886
191.649	49.7997
193.469	48.7626
195.288	45.096
197.109	45.3182
198.928	43.0219
200.746	43.4663
202.566	42.4663
204.384	41.17
206.203	41.3182
208.02	40.3923
209.837	41.4293
211.655	40.9478
213.471	40.6515
215.286	42.2071
217.102	42.7997
218.918	41.4293
220.733	41.4293
222.547	43.5034
224.363	41.0219
226.176	45.4663
227.989	44.0219
229.802	46.17
231.616	44.096
233.428	44.133
235.24	43.9108
237.051	44.9478
238.864	42.7256
240.675	43.3552
242.485	43.3552
244.295	42.4293
246.106	44.5034
247.915	44.4293
249.724	45.6886
251.532	45.096
253.341	47.8367
255.148	52.5774
256.958	55.0219
258.765	54.133
260.571	53.9478
262.378	51.5404
264.184	49.2441
265.989	47.8737
267.797	45.4293
269.601	46.5404
271.406	43.9849
273.21	44.6886
275.014	44.096
276.818	44.7997
278.621	46.2441
280.423	47.3552
282.226	48.0589
284.028	48.17
285.83	48.6886
287.633	51.0219
289.434	51.3182
291.235	52.9849
293.035	53.6515
294.835	53.9478
296.635	52.096
298.434	50.0589
300.233	48.7626
302.032	50.5404
303.83	51.6145
305.628	51.7626
307.425	52.17
309.222	52.0589
311.019	51.8367
312.816	53.2441
314.612	52.3552
316.408	54.3923
318.203	53.3552
319.998	54.9478
321.791	56.4663
323.585	56.8367
325.379	57.8367
327.173	60.0219
328.966	58.3182
330.759	61.5034
332.552	62.2071
334.344	60.6145
336.136	60.9478
337.928	60.133
339.717	60.2812
341.508	62.4293
343.298	64.6145
345.089	65.17
346.878	71.5034
348.668	75.5034
350.457	91.2812
352.244	106.948
354.032	124.133
355.821	140.207
357.608	139.429
359.396	117.652
361.181	96.9849
362.967	80.2071
364.754	72.3923
366.54	70.7626
368.326	70.0589
370.109	72.2071
371.894	80.3923
373.679	93.4663
375.463	102.985
377.245	103.689
379.028	98.096
380.812	88.6145
382.593	78.7626
384.375	73.6145
386.157	71.0589
387.939	67.096
389.719	66.6886
391.5	67.2812
393.281	72.17
395.059	80.6145
396.84	81.2441
398.619	86.2071
400.397	76.8737
402.176	73.4663
403.953	65.7997
405.731	60.096
407.509	58.7997
409.285	56.0219
411.062	55.9478
412.84	55.4293
414.614	55.6515
416.391	58.9849
418.165	58.6886
419.94	57.133
421.714	59.096
423.489	59.8367
425.263	57.4663
427.036	57.3552
428.81	58.3182
430.581	57.0589
432.354	56.6886
434.125	61.2071
435.898	61.0219
437.668	62.096
439.44	61.2812
441.21	60.5034
442.981	62.5404
444.75	62.9108
446.52	63.8367
448.289	62.5774
450.059	62.5404
451.826	61.5404
453.595	62.5034
455.362	61.9478
457.129	66.3182
458.897	66.7256
460.662	69.2441
462.43	70.133
464.195	75.3923
465.962	81.5404
467.726	89.8737
469.49	98.3182
471.256	97.2812
473.02	98.5034
474.783	103.429
476.548	105.059
478.31	100.318
480.074	88.7626
481.836	78.6515
483.597	73.096
485.36	66.17
487.121	65.8367
488.881	61.4663
490.641	59.3552
492.403	59.133
494.162	57.8737
495.921	59.2812
497.682	53.5774
499.44	58.6886
501.198	54.7626
502.956	55.0219
504.715	58.2441
506.472	56.7997
508.229	54.4663
509.985	57.2441
511.743	57.3182
513.499	56.5034
515.254	55.9849
517.009	57.2812
518.764	56.6886
520.52	56.9478
522.274	57.6886
524.028	56.3552
525.781	56.5034
527.534	56.17
529.289	55.4663
531.041	53.8737
532.793	54.8737
534.544	57.4293
536.296	56.7626
538.047	57.096
539.797	54.133
541.547	57.0589
543.299	58.5774
545.049	57.7626
546.798	60.4293
548.547	62.4663
550.296	63.3182
552.044	66.0589
553.792	67.9478
555.539	66.9849
557.286	64.6886
559.033	61.4663
560.78	61.8367
562.526	62.0589
564.272	61.6515
566.018	62.7626
567.763	60.8737
569.508	62.8367
571.252	60.8737
572.996	60.4663
574.74	59.2071
576.484	60.9108
578.227	59.4293
579.97	59.7997
581.713	61.5774
583.455	61.7256
585.197	61.3552
586.938	60.6515
588.679	60.7626
590.42	59.7626
592.161	59.2441
593.901	60.3552
595.639	61.4663
597.378	61.8737
599.118	60.096
600.857	62.6515
602.595	63.9849
604.333	62.3182
606.071	62.9478
607.809	61.8737
609.544	63.17
611.281	60.3552
613.017	65.9849
614.754	64.5404
616.49	62.3923
618.225	63.9108
619.958	64.7997
621.693	63.8367
623.428	65.8737
625.162	66.5034
626.894	68.3923
628.628	69.6886
630.361	69.8367
632.094	68.9478
633.824	69.3552
635.557	68.133
637.289	65.8737
639.02	63.8367
640.749	65.17
642.48	64.6145
644.211	65.3552
645.939	65.7256
647.669	65.3182
649.399	66.9108
651.128	67.3182
652.855	64.0219
654.584	64.0219
656.312	63.3552
658.038	61.5404
659.766	60.6886
661.491	63.0589
663.218	64.5775
664.944	61.6515
666.669	62.5404
668.395	63.6145
670.118	62.8367
671.844	65.2071
673.569	66.2441
675.291	65.17
677.016	64.096
678.738	64.9478
680.461	64.3552
682.183	64.7997
683.906	67.7626
685.629	66.133
687.349	64.8367
689.071	64.7256
690.791	65.6886
692.512	64.7626
694.231	66.9849
695.952	65.5404
697.67	64.9108
699.391	69.17
701.108	66.6886
702.828	68.5775
704.545	67.0589
706.262	66.4293
707.98	67.6145
709.696	69.096
711.414	66.7256
713.13	64.7256
714.847	65.7256
716.562	65.9849
718.276	65.6886
719.992	65.3552
721.706	66.4663
723.422	63.133
725.135	66.133
726.848	67.7997
728.562	66.0589
730.275	66.4663
731.987	66.7256
733.7	66.3182
735.411	66.0589
737.122	66.0219
738.835	65.7626
740.545	66.7256
742.255	65.6515
743.967	66.4663
745.676	65.9848
747.385	66.133
749.094	65.2441
750.804	65.096
752.512	68.0219
754.22	64.8737
755.927	64.7256
757.636	65.7256
759.343	66.6515
761.049	65.7626
762.755	65.9849
764.461	67.17
766.169	69.3552
767.874	68.3552
769.579	70.3552
771.283	69.6145
772.987	71.5034
774.693	70.3552
776.396	72.5404
778.1	72.133
779.802	70.5404
781.505	71.3923
783.207	68.3552
784.909	70.7997
786.611	69.9108
788.314	67.4663
790.015	67.8367
791.715	66.096
793.416	65.9849
795.116	62.9478
796.815	65.8737
798.515	66.9108
800.214	64.5774
801.912	66.5404
803.611	64.0589
805.309	66.096
807.006	64.9108
808.704	65.9108
810.401	66.6515
812.098	64.8737
813.794	63.9108
815.49	63.3552
817.186	65.5774
818.882	64.3552
820.577	65.8737
822.272	65.5404
823.966	65.2812
825.66	64.8367
827.354	66.5404
829.048	65.5034
830.741	65.7626
832.434	66.7626
834.126	66.3923
835.819	67.8737
837.511	66.5034
839.2	67.9108
840.892	68.3923
842.583	72.7997
844.273	72.2441
845.964	83.6145
847.654	91.7626
849.344	102.133
851.031	101.54
852.72	96.2071
854.409	89.8367
856.097	79.0589
857.786	75.7626
859.471	72.2441
861.159	70.2071
862.846	70.096
864.533	73.0589
866.219	72.3552
867.904	74.9849
869.59	78.6145
871.275	84.5034
872.961	91.4663
874.644	95.9478
876.328	101.244
878.013	93.2441
879.697	83.0219
881.378	78.0219
883.062	75.4293
884.745	72.5775
886.426	69.6145
888.108	71.8737
889.79	67.8367
891.47	73.2441
893.151	73.2071
894.833	74.5774
896.512	79.2812
898.192	80.9478
899.87	83.0589
901.55	80.4663
903.23	75.3552
904.907	76.8367
906.586	78.3182
908.263	79.0589
909.941	83.7997
911.619	88.6145
913.295	96.5774
914.972	105.689
916.648	101.577
918.324	93.3552
919.999	82.7256
921.675	76.9478
923.349	76.3923
925.024	71.9108
926.698	73.0589
928.372	72.5034
930.045	70.8367
931.719	72.3182
933.391	71.5775
935.065	70.5404
936.736	69.4663
938.409	69.2812
940.08	72.133
941.752	71.2441
943.423	74.2071
945.092	75.5404
946.764	76.8367
948.433	80.5034
950.104	84.5404
951.772	84.5774
953.441	87.3923
955.11	82.7997
956.778	79.8737
958.447	77.8367
960.114	73.0219
961.781	74.2812
963.449	71.6145
965.115	71.4663
966.781	73.3552
968.448	72.4293
970.114	71.6145
971.778	73.6886
973.445	70.5774
975.109	73.0219
976.773	74.7256
978.436	75.4293
980.102	71.096
981.765	74.7997
983.427	76.0589
985.09	74.8367
986.753	78.133
988.415	76.7256
990.077	77.0219
991.738	78.3923
993.398	76.6515
995.061	76.7256
996.721	78.096
998.381	78.6886
1000.04	81.3552
1001.7	87.6515
1003.36	89.2441
1005.02	85.7256
1006.68	85.5404
1008.34	81.9108
1009.99	82.6515
1011.65	83.3552
1013.31	86.3182
1014.96	94.096
1016.62	103.614
1018.28	111.948
1019.93	111.985
1021.59	106.207
1023.25	96.6145
1024.9	93.5774
1026.55	94.2441
1028.21	96.0219
1029.86	101.059
1031.52	97.133
1033.17	97.096
1034.82	99.6145
1036.48	99.9848
1038.13	103.466
1039.78	105.726
1041.43	105.096
1043.08	100.133
1044.73	97.0219
1046.39	97.7256
1048.04	99.9108
1049.69	107.466
1051.34	115.503
1052.99	118.466
1054.64	111.726
1056.28	107.8
1057.93	100.133
1059.58	97.9478
1061.23	92.9478
1062.88	88.3923
1064.52	85.4293
1066.17	84.096
1067.82	84.9478
1069.46	86.9849
1071.11	88.3923
1072.75	88.6515
1074.4	90.8737
1076.05	93.6515
1077.69	97.4663
1079.34	107.577
1080.98	117.096
1082.62	135.059
1084.27	146.17
1085.91	153.763
1087.55	145.8
1089.19	137.54
1090.84	125.429
1092.48	120.281
1094.12	112.429
1095.76	107.466
1097.4	105.392
1099.04	100.466
1100.68	100.392
1102.32	102.8
1103.96	97.7997
1105.6	93.4293
1107.24	94.2811
1108.88	94.2812
1110.52	94.9108
1112.16	99.17
1113.79	102.281
1115.43	112.318
1117.07	120.466
1118.71	124.874
1120.34	124.689
1121.98	119.355
1123.61	110.763
1125.25	103.985
1126.88	103.652
1128.52	106.911
1130.15	110.17
1131.79	114.133
1133.42	115.059
1135.05	112.096
1136.69	110.059
1138.32	113.096
1139.95	114.54
1141.59	117.726
1143.22	114.466
1144.85	109.022
1146.48	100.652
1148.11	92.3182
1149.74	87.7626
1151.37	83.6515
1153	83.5034
1154.63	82.9478
1156.26	84.0219
1157.89	83.9848
1159.52	81.3923
1161.15	80.9849
1162.78	79.4663
1164.4	85.0589
1166.03	84.2071
1167.66	84.8737
1169.29	82.8737
1170.91	83.3182
1172.54	80.17
1174.17	79.7256
1175.79	80.2812
1177.42	77.2071
1179.04	78.096
1180.67	76.5034
1182.29	78.17
1183.91	77.6145
1185.54	76.2441
1187.16	78.0219
1188.79	77.9478
1190.41	76.4293
1192.03	77.7626
1193.65	79.5034
1195.27	77.7256
1196.9	80.3923
1198.52	80.6145
1200.14	80.133
1201.76	78.3923
1203.38	80.4293
1205	79.9478
1206.62	80.2812
1208.24	77.6145
1209.86	83.4663
1211.48	80.8367
1213.09	80.8737
1214.71	85.0219
1216.33	81.133
1217.95	83.8737
1219.57	86.2441
1221.18	83.4293
1222.8	85.133
1224.41	83.6886
1226.03	84.6886
1227.65	83.5404
1229.26	80.4663
1230.88	70.9848
1232.49	79.4293
1234.11	82.4293
1235.72	83.5404
1237.33	86.3182
1238.95	87.6515
1240.56	87.096
1242.17	87.7626
1243.79	90.8737
1245.4	93.17
1247.01	96.9849
1248.62	94.096
1250.23	96.4663
1251.84	101.207
1253.45	104.318
1255.07	106.17
1256.68	108.874
1258.29	117.355
1259.89	118.8
1261.5	116.577
1263.11	113.17
1264.72	110.837
1266.33	107.577
1267.94	105.096
1269.54	104.577
1271.15	103.726
1272.76	102.17
1274.37	99.7997
1275.97	101.985
1277.58	95.6145
1279.18	98.2441
1280.79	97.6886
1282.39	98.133
1284	94.8367
1285.6	96.2441
1287.21	96.096
1288.81	94.2071
1290.41	94.2441
1292.02	93.7997
1293.62	96.9108
1295.22	96.7256
1296.82	95.9849
1298.43	96.0589
1300.03	95.0589
1301.63	91.0219
1303.23	88.3552
1304.83	89.0219
1306.43	86.096
1308.03	87.5034
1309.63	87.7256
1311.23	91.5034
1312.83	92.3552
1314.43	91.3182
1316.03	92.8367
1317.63	94.3923
1319.23	96.2441
1320.82	104.022
1322.42	115.429
1324.02	123.837
1325.61	129.059
1327.21	123.059
1328.81	121.466
1330.4	120.985
1332	120.948
1333.59	120.429
1335.19	122.577
1336.78	116.022
1338.38	114.022
1339.97	114.17
1341.56	113.985
1343.16	113.985
1344.75	118.207
1346.34	117.689
1347.94	115.8
1349.53	115.614
1351.12	108.281
1352.71	107.503
1354.3	108.281
1355.89	112.17
1357.48	112.318
1359.07	111.8
1360.66	108.8
1362.25	108.355
1363.84	99.3552
1365.43	101.614
1367.02	103.726
1368.61	105.652
1370.2	106.577
1371.79	108.022
1373.37	113.763
1374.96	113.133
1376.55	114.022
1378.13	117.652
1379.72	114.466
1381.31	116.392
1382.89	111.466
1384.48	108.281
1386.06	105.355
1387.65	99.6886
1389.23	101.133
1390.82	101.874
1392.4	100.17
1393.98	99.9849
1395.57	98.4663
1397.15	93.7626
1398.73	95.5774
1400.32	94.133
1401.9	94.7997
1403.48	93.3552
1405.06	95.7256
1406.64	96.5774
1408.22	97.8367
1409.8	96.7256
1411.38	101.466
1412.96	101.096
1414.54	102.429
1416.12	102.985
1417.7	99.9478
1419.28	97.5775
1420.86	95.9108
1422.44	96.3182
1424.02	91.4293
1425.59	93.0589
1427.17	92.6886
1428.75	92.2812
1430.32	92.2071
1431.9	91.17
1433.48	93.2812
1435.05	90.5404
1436.63	90.2441
1438.2	91.6515
1439.78	90.4293
1441.35	91.5775
1442.93	91.5034
1444.5	94.17
1446.07	91.9108
1447.65	94.6886
1449.22	95.6145
1450.79	98.7626
1452.37	101.466
1453.94	100.17
1455.51	99.5404
1457.08	97.6515
1458.65	97.3182
1460.22	92.5034
1461.79	94.3182
1463.36	93.6886
1464.93	97.6886
1466.5	100.17
1468.07	102.763
1469.64	102.503
1471.21	101.281
1472.78	97.8367
1474.35	93.9478
1475.92	89.0219
1477.48	89.3182
1479.05	88.5774
1480.62	88.6886
1482.18	88.3923
1483.75	89.2811
1485.32	85.4663
1486.88	85.5034
1488.45	87.0219
1490.01	85.5774
1491.58	87.2812
1493.14	86.4293
1494.71	86.9108
1496.27	88.2441
1497.84	88.8737
1499.4	88.096
1500.96	83.8737
1502.53	87.4293
1504.09	86.0219
1505.65	86.8737
1507.21	88.2811
1508.77	85.17
1510.34	85.6515
1511.9	87.2812
1513.46	87.096
1515.02	88.5404
1516.58	87.17
1518.14	85.3923
1519.7	86.0589
1521.26	84.7626
1522.82	86.9849
1524.37	85.9108
1525.93	86.8367
1527.49	87.4293
1529.05	88.17
1530.61	86.6145
1532.16	83.9108
1533.72	87.4663
1535.28	87.0589
1536.83	86.4663
1538.39	87.8367
1539.95	88.9108
1541.5	86.4293
1543.06	88.9849
1544.61	84.7626
1546.16	87.7256
1547.72	88.5775
1549.27	88.9848
1550.83	85.9478
1552.38	85.2441
1553.93	86.9108
1555.49	89.2071
1557.04	88.6145
1558.59	88.3552
1560.14	86.6886
1561.69	88.8737
1563.25	88.133
1564.8	87.5404
1566.35	87.8737
1567.9	86.5034
1569.45	87.6145
1571	89.4293
1572.55	86.0589
1574.1	87.6145
1575.65	86.5034
1577.19	91.0589
1578.74	85.7256
1580.29	87.3552
1581.84	85.5404
1583.39	86.4293
1584.93	88.9478
1586.48	86.3923
1588.03	88.6515
1589.57	87.096
1591.12	87.2071
1592.67	88.17
1594.21	88.3182
1595.76	84.9108
1597.3	88.6886
1598.84	87.5404
1600.39	87.3552
1601.93	86.4293
1603.48	88.7256
1605.02	87.17
1606.56	88.4663
1608.11	85.8367
1609.65	87.9108
1611.19	88.5404
1612.73	88.5404
1614.27	87.7256
1615.81	88.4663
1617.36	87.7997
1618.9	88.9108
1620.44	88.096
1621.98	87.6515
1623.52	88.9849
1625.06	88.9849
1626.6	89.3923
1628.14	86.5404
1629.68	88.4663
1631.21	86.9848
1632.75	88.6145
1634.29	90.7626
1635.83	88.133
1637.36	87.9108
1638.9	88.3552
1640.44	88.5775
1641.97	88.7626
1643.51	87.5034
1645.05	85.0219
1646.58	89.0219
1648.12	86.9478
1649.65	87.17
1651.19	89.5404
1652.72	86.9478
1654.25	87.3182
1655.79	86.8367
1657.32	88.2811
1658.86	89.5034
1660.39	89.6145
1661.92	90.4663
1663.45	88.4663
1664.99	86.8737
1666.52	88.17
1668.05	88.8367
1669.58	89.0219
1671.11	90.2071
1672.64	88.3182
1674.17	89.7256
1675.7	87.7256
1677.23	88.5775
1678.76	90.5404
1680.29	89.096
1681.82	86.6886
1683.35	86.133
1684.87	85.7997
1686.4	88.6515
1687.93	88.17
1689.46	90.9108
1690.99	88.9108
1692.51	87.6886
1694.04	88.6886
1695.56	90.5034
1697.09	90.0219
1698.62	90.7997
1700.14	87.133
1701.67	88.6145
1703.19	86.8737
1704.72	88.7626
1706.24	88.5034
1707.76	86.5404
1709.29	87.6515
1710.81	86.6145
1712.34	86.7256
1713.86	86.0219
1715.38	88.4293
1716.9	84.2441
1718.42	90.4293
1719.95	87.2071
1721.47	90.9478
1722.99	87.5775
1724.51	86.9108
1726.03	86.8367
1727.55	86.6145
1729.07	86.2071
1730.59	88.7626
1732.11	85.17
1733.63	88.3552
1735.15	87.6145
1736.66	86.5774
1738.18	83.7626
1739.7	87.2071
1741.22	85.7715
1742.74	86.6366
1744.25	86.1528
1745.77	87.967
1747.29	90.2886
1748.8	90.0554
1750.32	89.5441
1751.83	86.3436
1753.35	88.7065
1754.86	88.3743
1756.38	88.6743
1757.89	86.1458
1759.41	89.1047
1760.92	88.024
1762.43	87.4067
1763.95	87.3398
1765.46	87.3573
1766.97	89.5574
1768.49	87.4259
1770	88.8198
1771.51	86.4687
1773.02	87.6377
1774.53	86.2745
1776.05	87.0896
1777.56	88.3259
1779.07	87.7129
1780.58	86.7829
1782.09	87.3035
1783.6	87.8188
1785.11	85.7786
1786.62	87.2405
1788.12	88.3519
1789.63	86.3177
1791.14	87.5738
1792.65	87.9953
1794.16	86.5503
1795.66	88.0492
1797.17	86.9031
1798.68	87.8
1800.18	87.8597
1801.69	91.6223
1803.2	85.9903
1804.7	86.4411
1805.13	88.2559
1806.64	88.33
1808.15	87.5522
1809.66	87.404
1811.17	87.9966
1812.69	89.0707
1814.2	87.1818
1815.71	88.2929
1817.22	89.5522
1818.73	87.33
1820.24	89.2188
1821.75	85.367
1823.25	87.6633
1824.76	89.9966
1826.27	88.6633
1827.78	87.1448
1829.29	87.1077
1830.8	89.0707
1832.3	88.7374
1833.81	89.1818
1835.32	87.9596
1836.82	88.7003
1838.33	88.5151
1839.84	87.7744
1841.34	88.9596
1842.85	90.6263
1844.35	88.1818
1845.86	90.0707
1847.36	88.404
1848.86	88.5522
1850.37	89.8855
1851.87	88.0707
1853.38	86.9596
1854.88	88.33
1856.38	87.8855
1857.89	87.6633
1859.39	87.1077
1860.89	88.367
1862.39	87.0337
1863.89	87.2929
1865.39	87.4781
1866.89	86.7374
1868.4	89.7744
1869.9	88.9596
1871.4	88.0707
1872.9	88.1818
1874.4	86.2188
1875.89	88.7374
1877.39	88.4781
1878.89	85.404
1880.39	87.9596
1881.89	89.5522
1883.39	89.0707
1884.88	86.4411
1886.38	88.8114
1887.88	89.2189
1889.37	88.8855
1890.87	88.1818
1892.37	89.5522
1893.86	87.33
1895.36	88.6263
1896.85	87.1818
1898.35	88.9596
1899.84	88.1818
1901.34	90.8855
1902.83	88.8855
1904.33	88.1818
1905.82	87.1448
1907.31	87.2559
1908.81	86.5151
1910.3	88.6263
1911.79	88.1818
1913.29	87.404
1914.78	88.2189
1916.27	88.5522
1917.76	88.33
1919.25	89.5892
1920.74	87.8114
1922.23	89.1818
1923.72	86.6263
1925.21	88.4411
1926.7	87.6263
1928.19	88.5151
1929.68	88.0337
1931.17	89.1077
1932.66	88.6633
1934.15	88.8114
1935.64	88.9966
1937.12	88.5522
1938.61	88.6263
1940.1	87.7003
1941.59	86.5892
1943.07	85.7374
1944.56	86.367
1946.05	87.8485
1947.53	84.9596
1949.02	88.2929
1950.5	85.8114
1951.99	89.0337
1953.47	87.6263
1954.96	86.7744
1956.44	86.9596
1957.93	88.5892
1959.41	86.9596
1960.89	88.4781
1962.38	83.0337
1963.86	87.6633
1965.34	84.7374
1966.82	85.5892
1968.31	86.4411
1969.79	87.5522
1971.27	85.5522
1972.75	86.33
1974.23	85.33
1975.71	87.0337
1977.19	87.0337
1978.67	85.7374
1980.15	87.2559
1981.63	85.6263
1983.11	88.6263
1984.59	87.7744
1986.07	85.5892
1987.55	87.5522
1989.03	88.2188
1990.51	86.7744
1991.98	85.9966
1993.46	88.9596
1994.94	86.8855
1996.42	89.1077
1997.89	88.5522
1999.37	88.2559
2000.84	88.5522
2002.32	86.8485
2003.8	86.5151
2005.27	87.8114
2006.75	87.6633
2008.22	88.1077
2009.7	86.7744
2011.17	86.9226
2012.64	87.7374
2014.12	87.8485
2015.59	90.33
2017.07	86.7744
2018.54	87.0707
2020.01	89.6263
2021.48	90.8114
2022.96	88.4781
2024.43	87.2188
2025.9	88.0707
2027.37	88.1448
2028.84	83.8114
2030.31	86.8485
2031.78	86.1448
2033.25	86.1818
2034.72	86.2929
2036.19	83.9966
2037.66	87.8855
2039.13	88.2929
2040.6	84.4411
2042.07	86.4411
2043.54	86.33
2045	86.367
2046.47	85.9596
2047.94	86.1077
2049.41	87.1818
2050.87	87.0707
2052.34	86.9596
2053.81	89.1077
2055.27	87.7374
2056.74	87.7003
2058.2	87.5152
2059.67	87.0337
2061.14	87.1077
2062.6	85.8114
2064.06	88.6633
2065.53	88.5151
2066.99	85.8114
2068.45	89.8485
2069.92	88.7374
2071.38	88.2929
2072.84	88.5522
2074.31	85.8485
2075.77	88.6633
2077.23	88.0337
2078.69	87.6263
2080.16	89.0707
2081.62	87.6633
2083.08	86.9226
2084.54	88.2929
2086	87.7003
2087.46	88.9596
2088.92	87.1448
2090.38	88.5522
2091.84	86.7374
2093.3	87.8114
2094.76	88.4411
2096.22	88.8114
2097.67	90.1077
2099.13	89.4411
2100.59	88.2559
2102.05	88.6633
2103.5	89.8485
2104.96	88.8855
2106.42	88.5892
2107.88	89.0707
2109.33	88.7744
2110.79	89.0707
2112.24	87.33
2113.7	89.0337
2115.15	87.404
2116.61	88.4781
2118.06	89.9596
2119.52	87.8855
2120.97	88.2929
2122.43	87.7374
2123.88	86.6263
2125.33	86.5892
2126.79	87.7003
2128.24	89.6263
2129.69	87.8855
2131.14	89.1448
2132.59	90.2559
2134.05	89.7744
2135.5	85.6633
2136.95	86.5892
2138.4	88.1077
2139.85	88.2559
2141.3	88.2929
2142.75	89.2188
2144.2	89.5522
2145.65	88.7374
2147.1	86.4411
2148.55	88.9966
2150	86.9596
2151.45	83.5152
2152.89	86.9225
2154.34	88.2559
2155.79	89.367
2157.24	89.2188
2158.68	89.33
2160.13	87.1448
2161.58	89.2188
2163.02	86.7003
2164.47	88.6263
2165.92	88.6633
2167.36	86.8114
2168.81	88.404
2170.25	87.0707
2171.7	88.7374
2173.14	87.9596
2174.59	89.2559
2176.03	87.4411
2177.47	87.1077
2178.92	87.404
2180.36	88.6633
2181.8	88.2189
2183.25	89.2929
2184.69	86.367
2186.13	88.404
2187.57	85.6633
2189.01	89.1448
2190.46	88.2188
2191.9	89.5522
2193.34	90.4781
2194.78	87.4781
2196.22	89.0337
2197.66	88.1448
2199.1	87.8114
2200.54	86.9966
2201.98	88.1077
2203.42	87.6633
2204.86	88.1448
2206.29	87.0337
2207.73	87.6263
2209.17	88.5522
2210.61	85.8855
2212.04	89.5522
2213.48	87.1077
2214.92	86.4781
2216.36	87.8855
2217.79	88.0337
2219.23	85.5151
2220.66	86.5892
2222.1	88.8855
2223.53	87.6263
2224.97	88.8485
2226.41	88.0337
2227.84	88.33
2229.27	86.9966
2230.71	89.2929
2232.14	88.5892
2233.58	87.9596
2235.01	87.7374
2236.44	86.7744
2237.88	89.5152
2239.31	87.9966
2240.74	88.4411
2242.17	87.7003
2243.6	87.6633
2245.03	86.5522
2246.47	88.0707
2247.9	88.1818
2249.33	86.9596
2250.76	88.5522
2252.19	87.33
2253.62	86.6633
2255.05	86.9966
2256.48	87.9596
2257.91	86.5522
2259.33	87.404
2260.76	89.6633
2262.19	87.4781
2263.62	88.8114
2265.05	88.4781
2266.48	88.0337
2267.9	86.2559
2269.33	87.5522
2270.76	87.0337
2272.18	88.1077
2273.61	87.8114
2275.04	87.5892
2276.46	88.2559
2277.89	88.5892
2279.31	88.4411
2280.74	89.7744
2282.16	87.5892
2283.59	88.5151
2285.01	88.0707
2286.43	89.4411
2287.86	86.33
2289.28	86.8114
2290.7	86.2189
2292.13	87.7374
2293.55	87.6263
2294.97	85.7374
2296.39	87.367
2297.82	86.7003
2299.24	87.5151
2300.66	87.0707
2302.08	86.1448
2303.5	88.1077
2304.92	87.1077
2306.34	86.2188
2307.76	83.9226
2309.18	87.9596
2310.6	85.8485
2312.02	86.367
2313.44	88.7744
2314.86	88.9225
2316.28	85.4781
2317.69	88.6263
2319.11	86.8855
2320.53	86.4411
2321.95	86.0707
2323.37	87.1448
2324.78	85.9225
2326.2	86.8485
2327.62	85.6263
2329.03	87.7374
2330.45	86.5892
2331.86	86.8114
2333.28	87.2559
2334.69	86.2559
2336.11	86.7374
2337.52	87.2559
2338.94	88.2929
2340.35	86.2188
2341.77	88.0337
2343.18	86.8855
2344.59	86.5522
2346.01	85.0707
2347.42	85.2188
2348.83	86.6633
2350.24	86.6262
2351.66	87.7374
2353.07	86.2188
2354.48	85.8855
2355.89	85.5892
2357.3	85.0337
2358.71	86.1448
2360.12	87.404
2361.53	86.1448
2362.94	87.367
2364.35	85.7003
2365.76	84.4781
2367.17	84.8114
2368.58	85.9225
2369.99	86.7003
2371.4	86.2929
2372.81	85.404
2374.22	85.6263
2375.62	84.5892
2377.03	85.0707
2378.44	85.8114
2379.85	83.9596
2381.25	86.5892
2382.66	85.4781
2384.07	85.9226
2385.47	87.1448
2386.88	84.8855
2388.28	86.9596
2389.69	86.1448
2391.09	87.8114
2392.5	85.9966
2393.9	85.6263
2395.3	87.1448
2396.71	85.9596
2398.11	85.2188
2399.52	86.1077
2400.92	89.5151
2402.32	84.8855
2403.73	86.6263
2405.13	86.0337
2406.53	85.1818
2407.93	85.6633
2409.33	86.7744
2410.74	87.33
2412.14	84.7003
2413.54	86.2559
2414.94	84.8114
2416.34	87.2929
2417.74	84.404
2419.14	87.8855
2420.54	84.7374
2421.94	85.6263
2423.34	85.9226
2424.74	85.1818
2426.13	88.1448
2427.53	85.6263
2428.93	83.8485
2430.33	84.404
2431.73	85.1077
2433.12	85.2559
2434.52	85.2559
2435.92	86.5522
2437.31	86.404
2438.71	87.367
2440.11	85.6633
2441.5	86.1818
2442.9	88.5522
2444.29	87.8114
2445.69	85.8114
2447.08	85.5151
2448.48	86.9966
2449.87	85.33
2451.27	86.4411
2452.66	87.5151
2454.05	85.33
2455.45	85.5892
2456.84	85.0337
2458.23	84.33
2459.63	83.9226
2461.02	85.7003
2462.41	85.5522
2463.8	84.8855
2465.2	84.5522
2466.59	87.5522
2467.98	84.4781
2469.37	86.9596
2470.76	84.404
2472.15	86.1818
2473.54	85.367
2474.93	86.33
2476.32	84.7744
2477.71	84.9966
2479.1	87.2188
2480.49	84.1448
2481.87	85.9596
2483.26	84.9596
2484.65	84.5892
2486.04	87.5892
2487.43	83.2559
2488.81	84.8485
2490.2	86.1077
2491.59	85.2188
2492.98	85.8855
2494.36	86.8114
2495.75	88.0707
2497.13	83.8855
2498.52	85.0337
2499.9	83.9226
2501.29	84.5892
2502.67	85.7003
2504.06	86.8485
2505.44	86.2188
2506.83	84.0707
2508.21	83.8855
2509.59	86.2188
2510.98	85.0337
2512.36	86.1077
2513.74	84.0707
2515.13	86.1448
2516.51	85.8114
2517.89	84.9226
2519.27	84.2189
2520.66	87.0337
2522.04	86.4781
2523.42	85.0707
2524.8	86.6263
2526.18	83.7374
2527.56	84.1448
2528.94	84.5151
2530.32	85.0337
2531.7	85.6633
2533.08	85.2559
2534.46	85.1077
2535.84	85.5892
2537.22	84.1818
2538.59	85.8855
2539.97	83.9966
2541.35	84.1448
2542.73	85.33
2544.11	83.0337
2545.48	82.4781
2546.86	84.9225
2548.24	85.4411
2549.61	83.9966
2550.99	83.6263
2552.37	84.33
2553.74	84.6633
2555.12	84.4781
2556.49	85.7744
2557.87	84.4781
2559.24	85.4781
2560.62	84.5151
2561.99	83.2559
2563.36	85.5522
2564.74	85.6263
2566.11	84.404
2567.48	83.9966
2568.86	84.1818
2570.23	84.0337
2571.6	82.8855
2572.98	84.8114
2574.35	84.7744
2575.72	84.2929
2577.09	85.367
2578.46	88.5522
2579.83	84.7374
2581.2	84.5151
2582.57	83.9596
2583.95	85.5522
2585.31	86.2929
2586.68	88.2559
2588.05	87.6263
2589.42	85.7744
2590.79	86.9966
2592.16	86.8855
2593.53	85.8485
2594.9	86.9966
2596.27	84.4411
2597.64	84.7744
2599	86.7744
2600.37	85.1818
2601.74	82.6633
2603.1	83.1818
2604.47	84.1077
2605.84	84.1818
2607.2	82.8855
2608.57	82.2188
2609.93	84.367
2611.3	83.1077
2612.67	81.8114
2614.03	83.5892
2615.39	84.5522
2616.76	84.5151
2618.12	83.1448
2619.49	84.5152
2620.85	82.5892
2622.22	83.5151
2623.58	84.7003
2624.94	84.5151
2626.3	85.8114
2627.67	85.5151
2629.03	83.0707
2630.39	86.8855
2631.75	82.5522
2633.12	85.8485
2634.48	85.0337
2635.84	87.8855
2637.2	85.8855
2638.56	87.33
2639.92	86.2559
2641.28	85.8855
2642.64	86.1448
2644	87.2189
2645.36	86.2559
2646.72	76.2188
2648.08	87.2559
2649.43	88.2929
2650.79	88.404
2652.15	85.7374
2653.51	88.2188
2654.87	88.8485
2656.22	86.6633
2657.58	88.0337
2658.94	88.2188
2660.29	85.9966
2661.65	90.0707
2663.01	91.2188
2664.36	85.8855
2665.72	89.7003
2667.07	90.5152
2668.43	90.8114
2669.78	92.5892
2671.14	89.7744
2672.49	86.9966
2673.85	90.4781
2675.2	86.8114
2676.56	87.9226
2677.91	87.7003
2679.26	90.4781
2680.62	87.9596
2681.97	86.6633
2683.32	88.8114
2684.67	89.7003
2686.03	90.2188
2687.38	87.404
2688.73	86.9966
2690.08	84.6263
2691.43	87.33
2692.78	88.9596
2694.13	85.5151
2695.48	86.9966
2696.83	85.8114
2698.19	85.2189
2699.54	84.7744
2700.88	87.7744
2702.23	86.8855
2703.58	82.367
2704.93	85.2929
2706.28	87.8114
2707.63	85.9596
2708.98	87.8485
2710.32	86.1077
2711.67	86.1818
2713.02	87.404
2714.37	88.4781
2715.71	90.2188
2717.06	90.404
2718.41	88.9225
2719.75	87.2929
2721.1	88.9225
2722.44	88.1077
2723.79	88.4781
2725.13	89.5522
2726.48	91.1448
2727.82	90.2188
2729.17	90.8114
2730.51	92.9226
2731.86	91.8114
2733.2	90.4781
2734.54	92.0707
2735.89	92.0337
2737.23	91.8485
2738.57	94.5522
2739.91	92.6633
2741.26	93.5892
2742.6	92.2188
2743.94	89.5151
2745.28	92.0337
2746.62	92.33
2747.97	92.7744
2749.31	92.7374
2750.65	91.404
2751.99	93.8855
2753.33	89.1077
2754.67	92.1818
2756.01	91.2929
2757.35	91.7003
2758.69	93.0707
2760.03	88.9596
2761.36	91.404
2762.7	91.2188
2764.04	91.5151
2765.38	90.404
2766.72	91.5892
2768.05	92.7003
2769.39	90.404
2770.73	90.1448
2772.07	91.7744
2773.4	90.7744
2774.74	92.33
2776.07	92.0707
2777.41	94.4781
2778.75	92.7003
2780.08	92.8485
2781.42	94.9225
2782.75	93.9225
2784.09	94.7374
2785.42	96.33
2786.76	97.7744
2788.09	99.1448
2789.42	99.367
2790.76	100.663
2792.09	101.626
2793.42	101.515
2794.76	101.33
2796.09	101.848
2797.42	101.848
2798.75	102.626
2800.09	101.034
2801.42	101.515
2802.75	99.5151
2804.08	102.33
2805.41	104.145
2806.74	101.811
2808.07	103.997
2809.4	100.737
2810.73	101.774
2812.06	104.293
2813.39	102.848
2814.72	102.589
2816.05	101.478
2817.38	102.737
2818.71	101.219
2820.03	98.9226
2821.36	101.33
2822.69	102.478
2824.02	102.515
2825.35	102.552
2826.67	101.33
2828	100.737
2829.33	101.737
2830.65	100.7
2831.98	101.404
2833.31	104.848
2834.63	103.663
2835.96	100.404
2837.28	105.293
2838.61	103.923
2839.93	104.478
2841.26	104.256
2842.58	107.404
2843.91	107.256
2845.23	105.997
2846.55	108.737
2847.88	107.478
2849.2	110.441
2850.52	109.404
2851.85	111.886
2853.17	112.293
2854.49	112.367
2855.81	111.626
2857.14	112.293
2858.46	114.145
2859.78	114.811
2861.1	120.256
2862.42	120.626
2863.74	121.145
2865.06	124.404
2866.38	129.737
2867.7	131.811
2869.02	135.071
2870.34	142.256
2871.66	148.552
2872.98	156.737
2874.3	164.367
2875.62	176.145
2876.94	188.108
2878.25	204.441
2879.57	227.626
2880.89	256.737
2882.21	291.885
2883.52	323.33
2884.84	365.441
2886.16	392.626
2887.47	404.404
2888.79	395.811
2890.11	377.997
2891.42	367.219
2892.74	344.774
2894.05	305.663
2895.37	270.293
2896.68	246.071
2898	243.108
2899.31	252.626
2900.63	266.515
2901.94	280.404
2903.25	265.478
2904.57	243.515
2905.88	217.663
2907.19	202.182
2908.51	188.626
2909.82	195.071
2911.13	195.071
2912.44	208.182
2913.75	222.589
2915.07	236.811
2916.38	251.663
2917.69	253.367
2919	244.848
2920.31	229.441
2921.62	211.478
2922.93	195.367
2924.24	186.034
2925.55	182.182
2926.86	177.515
2928.17	179.997
2929.48	187.145
2930.79	193.108
2932.1	200.478
2933.4	211.034
2934.71	206.663
2936.02	203.663
2937.33	197.737
2938.64	187.182
2939.94	179.478
2941.25	178.663
2942.56	181.626
2943.86	196.182
2945.17	223.33
2946.48	236.441
2947.78	225.663
2949.09	197.404
2950.39	163.515
2951.7	138.552
2953	125.478
2954.31	113.034
2955.61	107.256
2956.92	105.552
2958.22	103.108
2959.52	99.7003
2960.83	101.96
2962.13	98.5151
2963.44	96.7744
2964.74	97.7744
2966.04	100.256
2967.34	105.367
2968.65	107.293
2969.95	109.515
2971.25	116.923
2972.55	127.886
2973.85	148.367
2975.15	170.552
2976.45	199.811
2977.76	216.145
2979.06	207.886
2980.36	184.848
2981.66	158.256
2982.95	150.145
2984.25	153.478
2985.55	159.737
2986.85	162.923
2988.15	146.145
2989.45	124.589
2990.75	113.145
2992.05	103.7
2993.34	96.404
2994.64	95.0337
2995.94	90.1818
2997.24	86.2188
2998.53	89.1818
2999.83	87.1448
3001.13	86.6262
3002.42	87.4411
3003.72	84.8114
3005.02	85.5892
3006.31	83.9596
3007.61	83.5522
3008.9	84.9226
3010.2	84.4781
3011.49	82.2929
3012.79	82.404
3014.08	83.1448
3015.38	83.6633
3016.67	82.33
3017.96	81.0337
3019.26	80.1818
3020.55	82.8855
3021.84	81.9226
3023.13	81.8114
3024.43	83.404
3025.72	82.7003
3027.01	82.6633
3028.3	82.4781
3029.59	80.33
3030.89	82.1077
3032.18	81.4411
3033.47	82.367
3034.76	82.2559
3036.05	80.9226
3037.34	81.367
3038.63	81.404
3039.92	83.7003
3041.21	80.1448
3042.5	80.8114
3043.79	81.1818
3045.08	79.404
3046.36	80.2929
3047.65	78.8855
3048.94	78.7003
3050.23	82.1818
3051.52	81.9226
3052.8	81.6633
3054.09	79.7374
3055.38	81.5522
3056.67	80.1818
3057.95	78.8485
3059.24	77.6263
3060.52	79.9225
3061.81	81.1818
3063.1	80.404
3064.38	78.6263
3065.67	79.0337
3066.95	80.33
3068.24	79.8114
3069.52	79.2188
3070.81	81.5892
3072.09	79.8114
3073.38	81.1818
3074.66	79.4781
3075.94	78.33
3077.22	80.5618
3078.51	80.0219
3079.79	80.2632
3081.07	83.1312
3082.36	81.3103
3083.64	81.5211
3084.92	82.2601
3086.2	81.7438
3087.48	79.8928
3088.76	80.5215
3090.04	81.4308
3091.33	81.1846
3092.61	80.0622
3093.89	80.0461
3095.17	81.0574
3096.45	80.4595
3097.73	80.1667
3099.01	81.0617
3100.29	80.8381
3101.56	81.286
3102.84	82.5021
3104.12	82.0991
3105.4	81.4084
3106.68	81.0193
3107.96	80.8611
3109.23	80.2798
3110.51	81.9055
3111.79	82.6924
3113.06	81.4593
3114.34	80.7651
3115.62	82.9028
3116.9	82.1241
3118.17	82.6352
3119.45	82.0553
3120.72	82.9132
3122	82.1903
3123.27	81.6469
3124.55	84.6569
3125.82	84.5545
3127.1	84.1419
3128.37	84.7062
3129.65	84.6331
3130.92	85.644
3130.94	85.1996
3132.22	84.7551
3133.5	86.2366
3134.77	86.681
3136.05	82.1996
3137.33	85.607
3138.61	86.4958
3139.89	86.3107
3141.17	84.4218
3142.45	86.0144
3143.72	84.1995
3145	87.7921
3146.28	88.0514
3147.56	88.644
3148.83	87.4958
3150.11	87.4218
3151.39	88.1996
3152.66	87.3107
3153.94	89.681
3155.21	87.8292
3156.49	88.2366
3157.77	88.4959
3159.04	89.0514
3160.32	89.4218
3161.59	90.3107
3162.86	90.3847
3164.14	91.7922
3165.41	89.7921
3166.69	90.3847
3167.96	94.3847
3169.23	92.7181
3170.51	94.3847
3171.78	92.1996
3173.05	92.644
3174.33	91.607
3175.6	93.9403
3176.87	94.9773
3178.14	93.9773
3179.41	92.4218
3180.68	97.1625
3181.96	94.4959
3183.23	93.9033
3184.5	98.1625
3185.77	97.7551
3187.04	96.3107
3188.31	95.1996
3189.58	97.3847
3190.85	97.5329
3192.12	96.9033
3193.39	100.274
3194.66	100.385
3195.93	97.681
3197.19	98.3847
3198.46	99.5699
3199.73	96.2736
3201	98.3107
3202.27	98.1255
3203.53	98.7181
3204.8	99.4218
3206.07	98.644
3207.33	100.348
3208.6	99.1995
3209.87	98.1255
3211.13	99.1625
3212.4	100.644
3213.67	98.3107
3214.93	97.5329
3216.2	98.3107
3217.46	98.8292
3218.73	98.7551
3219.99	95.9773
3221.26	97.7921
3222.52	98.1996
3223.78	98.4959
3225.05	99.0884
3226.31	97.7181
3227.57	99.1625
3228.84	98.1255
3230.1	99.8662
3231.36	97.8292
3232.63	100.237
3233.89	98.4588
3235.15	100.644
3236.41	100.014
3237.68	98.1996
3238.94	96.1996
3240.2	96.8292
3241.46	99.4959
3242.72	98.4958
3243.98	98.0884
3245.24	97.9403
3246.5	98.5329
3247.76	99.2366
3249.02	99.1625
3250.28	99.9403
3251.54	99.0514
3252.8	95.7181
3254.06	99.9033
3255.32	96.4588
3256.57	99.3107
3257.83	99.5699
3259.09	101.051
3260.35	97.7551
3261.61	97.5329
3262.86	99.644
3264.12	99.5699
3265.38	97.2736
3266.64	99.0884
3267.89	100.57
3269.15	97.1255
3270.4	101.422
3271.66	101.385
3272.91	99.644
3274.17	100.718
3275.43	100.237
3276.68	100.014
3277.93	100.014
3279.19	101.125
3280.44	98.9773
3281.7	99.4218
3282.95	100.681
3284.21	100.903
3285.46	100.014
3286.71	100.459
3287.97	102.422
3289.22	101.014
3290.47	99.3107
3291.72	99.644
3292.98	99.607
3294.23	101.088
3295.48	98.9033
3296.73	97.7181
3297.98	99.681
3299.23	99.644
3300.49	101.681
3301.74	102.125
3302.99	101.607
3304.24	99.5699
3305.49	100.274
3306.74	100.274
3307.99	101.422
3309.24	101.051
3310.49	98.9033
3311.73	101.385
3312.98	101.681
3314.23	103.088
3315.48	103.57
3316.73	101.755
3317.98	102.829
3319.22	102.2
3320.47	105.237
3321.72	105.607
3322.97	105.866
3324.21	106.2
3325.46	107.237
3326.71	107.829
3327.95	106.311
3329.2	110.94
3330.44	109.125
3331.69	110.051
3332.94	111.644
3334.18	113.385
3335.43	110.57
3336.67	114.829
3337.92	112.459
3339.16	112.2
3340.4	113.792
3341.65	110.755
3342.89	112.125
3344.14	108.2
3345.38	107.125
3346.62	105.681
3347.86	107.051
3349.11	109.237
3350.35	102.718
3351.59	102.644
3352.83	104.274
3354.08	103.163
3355.32	101.422
3356.56	99.7551
3357.8	103.125
3359.04	100.533
3360.28	98.9403
3361.52	102.274
3362.76	101.385
3364	99.607
3365.24	100.829
3366.48	100.496
3367.72	100.903
3368.96	101.237
3370.2	102.163
3371.44	103.274
3372.68	104.977
3373.92	107.385
3375.16	106.422
3376.39	106.385
3377.63	106.792
3378.87	107.792
3380.11	105.977
3381.34	107.385
3382.58	105.977
3383.82	104.2
3385.05	101.459
3386.29	102.829
3387.53	100.385
3388.76	98.1625
3390	97.9403
3391.23	97.8292
3392.47	94.2366
3393.7	92.644
3394.94	93.1625
3396.17	90.8662
3397.41	90.5329
3398.64	90.7922
3399.88	89.681
3401.11	86.9033
3402.34	85.9033
3403.58	89.3477
3404.81	85.7181
3406.04	85.4959
3407.28	85.2366
3408.51	83.0144
3409.74	82.607
3410.97	82.7551
3412.21	82.9403
3413.44	79.1625
3414.67	82.1255
3415.9	81.681
3417.13	81.7551
3418.36	80.7921
3419.59	80.3847
3420.82	80.3847
3422.05	82.2366
3423.28	79.8662
3424.52	77.1625
3425.74	79.1255
3426.97	78.3107
3428.2	79.3107
3429.43	77.7922
3430.66	76.1996
3431.89	75.607
3433.12	77.9403
3434.35	77.0514
3435.57	76.8662
3436.8	75.2736
3438.03	76.7922
3439.26	74.644
3440.48	76.0514
3441.71	75.1625
3442.94	74.2366
3444.16	74.5699
3445.39	71.8662
3446.62	73.9033
3447.84	74.1625
3449.07	73.8292
3450.29	72.4588
3451.52	73.0884
3452.74	74.0884
3453.97	74.5699
3455.19	72.9033
3456.42	72.3477
3457.64	74.3107
3458.87	72.5329
3460.09	72.1255
3461.31	72.5699
3462.54	70.4588
3463.76	71.8662
3464.98	72.607
3466.21	70.681
3467.43	70.9033
3468.65	71.3107
3469.88	70.9773
3471.1	71.4958
3472.32	70.4588
3473.54	69.4218
3474.76	68.681
3475.98	68.7551
3477.2	67.9033
3478.42	69.2736
3479.65	68.4588
3480.87	69.8662
3482.09	66.607
3483.31	70.7921
3484.53	68.681
3485.75	69.9773
3486.96	68.9403
3488.18	69.4218
3489.4	68.2736
3490.62	68.3847
3491.84	69.5329
3493.06	68.7551
3494.28	69.9403
3495.49	66.7181
3496.71	68.5699
3497.93	69.7181
3499.15	67.3477
3500.36	68.4958
3501.58	67.9403
3502.8	68.1996
3504.01	68.3477
3505.23	67.9033
3506.45	67.2736
3507.66	68.3477
3508.88	67.1255
3510.09	68.8292
3511.31	70.1255
3512.52	70.7181
3513.74	70.9403
3514.95	69.9033
3516.17	70.681
3517.38	69.7181
3518.59	71.1996
3519.81	71.7551
3521.02	72.5699
3522.24	70.4958
3523.45	74.3477
3524.66	71.3477
3525.88	70.7921
3527.09	71.644
3528.3	71.9033
3529.51	70.8662
3530.73	71.9773
3531.94	70.2366
3533.15	68.4218
3534.36	68.8662
3535.57	67.0514
3536.78	67.1625
3537.99	65.1255
3539.2	63.9773
3540.41	61.3107
3541.62	64.644
3542.83	64.9773
3544.04	64.1255
3545.25	65.2736
3546.46	64.644
3547.67	63.1995
3548.88	65.0514
3550.09	63.5329
3551.3	63.4588
3552.5	62.1996
3553.71	62.2736
3554.92	60.5329
3556.13	61.8292
3557.34	62.1625
3558.54	62.607
3559.75	60.644
3560.96	61.7181
3562.16	60.644
3563.37	60.0514
3564.58	61.5699
3565.78	58.2366
3566.99	62.1625
3568.2	61.8662
3569.4	59.7551
3570.6	59.1255
3571.81	60.4958
3573.02	60.607
3574.22	59.644
3575.42	58.3847
3576.63	60.0144
3577.83	60.4958
3579.04	59.2736
3580.24	60.0514
3581.44	59.3477
3582.65	60.607
3583.85	58.2366
3585.05	58.9033
3586.26	59.4588
3587.46	58.7551
3588.66	59.2366
3589.86	57.4958
3591.06	58.4218
3592.27	58.4958
3593.47	57.3847
3594.67	57.9403
3595.87	58.0144
3597.07	59.3847
3598.27	57.7551
3599.47	58.3107
3600.67	58.0514
3601.87	59.1625
3603.07	57.8292
3604.27	59.2366
3605.47	57.9033
3606.67	58.9773
3607.87	57.8662
3609.07	58.7181
3610.27	57.3107
3611.46	57.5329
3612.66	58.1255
3613.86	57.9403
3615.06	56.681
3616.26	59.2366
3617.45	57.1996
3618.65	58.5699
3619.85	57.0514
3621.04	56.9403
3622.24	56.2736
3623.44	56.3847
3624.63	56.9773
3625.83	59.644
3627.03	57.0884
3628.22	56.9773
3629.42	56.0884
3630.61	56.9773
3631.81	56.4218
3633	55.1996
3634.2	56.8292
3635.39	55.8662
3636.58	57.2736
3637.78	56.4588
3638.97	56.4588
3640.17	55.5699
3641.36	54.4958
3642.55	55.4958
3643.75	57.3477
3644.94	57.2366
3646.13	55.681
3647.32	55.3477
3648.52	57.9773
3649.71	56.0514
3650.9	56.8662
3652.09	56.4958
3653.28	55.7181
3654.47	55.681
3655.66	55.9773
3656.86	56.7921
3658.05	54.7181
3659.24	58.0884
3660.43	56.0884
3661.62	55.8292
3662.81	57.0144
3664	54.4218
3665.19	55.2736
3666.37	55.1625
3667.56	55.1625
3668.75	57.0514
3669.94	57.4218
3671.13	56.1996
3672.32	55.8292
3673.51	55.2736
3674.69	55.0144
3675.88	57.3847
3677.07	56.9033
3678.26	55.7181
3679.44	56.7551
3680.63	54.9403
3681.82	56.4958
3683	55.0514
3684.19	56.9773
3685.38	56.0884
3686.56	55.1625
3687.75	56.9403
3688.93	56.1255
3690.12	57.4958
3691.3	56.2366
3692.49	54.0144
3693.67	55.4218
3694.86	56.4218
3696.04	56.1625
3697.23	56.681
3698.41	58.0144
3699.59	55.5699
3700.78	56.1995
3701.96	56.1996
3703.14	55.4218
3704.33	56.4218
3705.51	55.7921
3706.69	55.5699
3707.87	57.0514
3709.06	56.4218
3710.24	56.5329
3711.42	56.2736
3712.6	55.0144
3713.78	55.2736
3714.96	55.0514
3716.14	55.9773
3717.32	55.4218
3718.5	54.9033
3719.68	55.8292
3720.87	54.1996
3722.05	54.5699
3723.22	55.7551
3724.41	53.7921
3725.58	55.5329
3726.76	55.7921
3727.94	55.4588
3729.12	56.5699
3730.3	54.9033
3731.48	55.4588
3732.66	56.8662
3733.83	55.9033
3735.01	57.0144
3736.19	55.0884
3737.37	55.5329
3738.54	57.4218
3739.72	55.7551
3740.9	55.1996
3742.07	56.3847
3743.25	54.9403
3744.43	55.7921
3745.6	56.0514
3746.78	56.3477
3747.95	56.0884
3749.13	55.3477
3750.3	56.3847
3751.48	55.1255
3752.65	55.8292
3753.83	55.3847
3755	55.681
3756.18	56.4218
3757.35	55.7181
3758.53	55.5699
3759.7	56.8662
3760.87	55.2366
3762.05	54.9773
3763.22	55.0514
3764.39	54.5699
3765.56	56.9033
3766.74	56.681
3767.91	55.3847
3769.08	56.644
3770.25	54.4958
3771.43	54.7181
3772.6	55.3847
3773.77	55.0514
3774.94	56.0144
3776.11	55.4588
3777.28	57.8662
3778.45	57.0144
3779.62	54.7921
3780.79	55.1625
3781.96	56.2736
3783.13	55.0514
3784.3	54.5329
3785.47	54.7921
3786.64	54.1996
3787.81	54.7181
3788.98	55.4218
3790.15	54.7921
3791.32	55.681
3792.48	55.8292
3793.65	55.1996
3794.82	55.8662
3795.99	56.0514
3797.15	54.9773
3798.32	55.0514
3799.49	54.7181
3800.66	55.607
3801.82	56.0144
3802.99	53.0144
3804.15	52.7181
3805.32	55.1625
3806.49	55.4218
3807.65	55.9403
3808.82	55.0514
3809.98	54.5699
3811.15	54.4218
3812.31	54.2366
3813.48	55.0144
3814.64	53.5329
3815.81	53.7181
3816.97	54.681
3818.14	54.9403
3819.3	54.1255
3820.46	54.0514
3821.63	55.0514
3822.79	54.4218
3823.95	53.7181
3825.11	54.681
3826.28	55.2736
3827.44	54.0884
3828.6	54.5699
3829.76	54.7921
3830.93	54.1625
3832.09	53.607
3833.25	51.644
3834.41	55.4218
3835.57	55.4218
3836.73	52.4958
3837.89	54.3477
3839.05	55.0514
3840.21	54.2736
3841.37	53.5329
3842.53	53.7551
3843.69	54.2736
3844.85	52.7181
3846.01	54.3107
3847.17	43.9773
3848.33	52.9033
3849.49	52.0144
3850.65	53.8292
3851.81	52.3847
3852.96	52.9773
3854.12	53.3107
3855.28	52.681
3856.44	51.5699
3857.6	52.4958
3858.75	53.4958
3859.91	53.0144
3861.07	54.0144
3862.22	53.644
3863.38	52.3847
3864.54	52.0884
3865.69	52.1996
3866.85	52.4958
3868	52.3847
3869.16	54.0884
3870.31	53.3847
3871.47	51.5699
3872.62	51.9403
3873.78	51.3107
3874.93	52.3107
3876.09	51.9403
3877.24	52.644
3878.4	53.1996
3879.55	52.7551
3880.7	52.7181
3881.86	52.9033
3883.01	51.9403
3884.16	51.9773
3885.32	52.8662
3886.47	51.8662
3887.62	52.5329
3888.77	53.4588
3889.93	51.1255
3891.08	52.5699
3892.23	52.0884
3893.38	51.8292
3894.53	52.7921
3895.68	51.9773
3896.83	51.4588
3897.99	52.8662
3899.14	52.0144
3900.29	52.1255
3901.44	51.8662
3902.59	53.0144
3903.74	51.5329
3904.89	51.0514
3906.04	52.0514
3907.18	49.9403
3908.33	52.4588
3909.48	52.4588
3910.63	51.0514
3911.78	51.5699
3912.93	52.8292
3914.08	51.7551
3915.22	52.9773
3916.37	51.5699
3917.52	50.3107
3918.67	50.9403
3919.81	51.607
3920.96	51.607
3922.11	51.4588
3923.25	51.4218
3924.4	49.1255
3925.55	51.0884
3926.69	50.3847
3927.84	52.0514
3928.98	52.4958
3930.13	51.7921
3931.27	50.9403
3932.42	49.9033
3933.56	51.1255
3934.71	51.8662
3935.85	50.0144
3937	51.7921
3938.14	50.5699
3939.29	49.607
3940.43	50.681
3941.57	50.1255
3942.72	51.1625
3943.86	49.3107
3945	50.7181
3946.15	50.7551
3947.29	50.4958
3948.43	50.3107
3949.57	52.2736
3950.72	49.5329
3951.86	50.0884
3953	50.0884
3954.14	51.9403
3955.28	49.2736
3956.42	50.3107
3957.56	50.7181
3958.71	50.1996
3959.84	51.3107
3960.99	50.7551
3962.13	50.0884
3963.27	49.2736
3964.41	48.7181
3965.55	50.2736
3966.68	51.2366
3967.82	51.607
3968.96	50.2366
3970.1	50.4588
3971.24	50.3107
3972.38	49.1996
3973.52	50.3477
3974.66	50.0884
3975.79	49.9033
3976.93	51.0144
3978.07	50.9773
3979.21	51.3847
3980.34	50.5329
3981.48	50.1995
3982.62	49.607
3983.75	50.2366
3984.89	49.8292
3986.03	50.0884
3987.16	50.3847
3988.3	50.2736
3989.43	50.8662
3990.57	49.1255
3991.71	49.3847
3992.84	50.0514
3993.97	48.9403
3995.11	50.8292
3996.24	49.3477
3997.38	48.7551
3998.51	50.1996
3999.65	51.2736
